2.423033142089843750e+02 4.384663391113281250e+02 1.284490776062011719e+02
2.429999923706054688e+02 4.384546279907226562e+02 1.284277343750000000e+02
2.421711540222167969e+02 4.389999771118164062e+02 1.282663726806640625e+02
2.419819831848144531e+02 4.381524276733398438e+02 1.289350128173828125e+02
2.419999885559082031e+02 4.375907516479492188e+02 1.295878696441650391e+02
2.416596221923828125e+02 4.390713882446289062e+02 1.289350128173828125e+02
2.429999923706054688e+02 4.380618286132812500e+02 1.290000057220458984e+02
2.412750244140625000e+02 4.382363891601562500e+02 1.292250251770019531e+02
2.412750244140625000e+02 4.387856674194335938e+02 1.292250251770019531e+02
2.409419631958007812e+02 4.378977584838867188e+02 1.300086116790771484e+02
2.407633018493652344e+02 4.379354858398437500e+02 1.309896850585937500e+02
2.411629295349121094e+02 4.388512420654296875e+02 1.300000000000000000e+02
2.404820060729980469e+02 4.375591659545898438e+02 1.304571151733398438e+02
2.409999847412109375e+02 4.373510360717773438e+02 1.302629184722900391e+02
2.404820060729980469e+02 4.374728393554687500e+02 1.304571151733398438e+02
2.409501838684082031e+02 4.370673751831054688e+02 1.310316753387451172e+02
2.419999885559082031e+02 4.372404479980468750e+02 1.300878715515136719e+02
2.419999885559082031e+02 4.367404556274414062e+02 1.308458900451660156e+02
2.429999923706054688e+02 4.372615051269531250e+02 1.301277446746826172e+02
2.429999923706054688e+02 4.367614746093750000e+02 1.308422660827636719e+02
2.429999923706054688e+02 4.376071929931640625e+02 1.296277427673339844e+02
2.439999961853027344e+02 4.373117065429687500e+02 1.302190017700195312e+02
2.439999961853027344e+02 4.368116760253906250e+02 1.308870792388916016e+02
2.439999961853027344e+02 4.376745223999023438e+02 1.297189998626708984e+02
2.450000000000000000e+02 4.373554229736328125e+02 1.302984619140625000e+02
2.450000000000000000e+02 4.368554306030273438e+02 1.309210109710693359e+02
2.450000000000000000e+02 4.377371597290039062e+02 1.297984600067138672e+02
2.459999847412109375e+02 4.373804092407226562e+02 1.303425312042236328e+02
2.459999847412109375e+02 4.368804168701171875e+02 1.309342956542968750e+02
2.459999847412109375e+02 4.377755355834960938e+02 1.298425292968750000e+02
2.469999885559082031e+02 4.373856735229492188e+02 1.303543758392333984e+02
2.469999885559082031e+02 4.368856811523437500e+02 1.309310054779052734e+02
2.469999885559082031e+02 4.377898406982421875e+02 1.298543739318847656e+02
2.479999923706054688e+02 4.373684310913085938e+02 1.303366088867187500e+02
2.479999923706054688e+02 4.368684387207031250e+02 1.309054660797119141e+02
2.479999923706054688e+02 4.377808380126953125e+02 1.298366069793701172e+02
2.489999961853027344e+02 4.373229598999023438e+02 1.302839183807373047e+02
2.489999961853027344e+02 4.368229675292968750e+02 1.308519935607910156e+02
2.489999961853027344e+02 4.377435302734375000e+02 1.297839164733886719e+02
2.500000000000000000e+02 4.372387695312500000e+02 1.301891613006591797e+02
2.500000000000000000e+02 4.367387771606445312e+02 1.307574558258056641e+02
2.500000000000000000e+02 4.376693344116210938e+02 1.296891689300537109e+02
2.511090660095214844e+02 4.370463180541992188e+02 1.300422573089599609e+02
2.508252906799316406e+02 4.366236877441406250e+02 1.306313419342041016e+02
2.507261848449707031e+02 4.375813674926757812e+02 1.295874595642089844e+02
2.519999885559082031e+02 4.368737792968750000e+02 1.298970699310302734e+02
2.514919471740722656e+02 4.364974212646484375e+02 1.304970645904541016e+02
2.513928413391113281e+02 4.374689483642578125e+02 1.294614982604980469e+02
2.510357093811035156e+02 4.378963470458984375e+02 1.290769004821777344e+02
2.519999885559082031e+02 4.373737716674804688e+02 1.293530750274658203e+02
2.519999885559082031e+02 4.378166580200195312e+02 1.288530731201171875e+02
2.529999923706054688e+02 4.371830749511718750e+02 1.291674709320068359e+02
2.529999923706054688e+02 4.366830825805664062e+02 1.296811771392822266e+02
2.529999923706054688e+02 4.376704406738281250e+02 1.286674690246582031e+02
2.539400291442871094e+02 4.369874572753906250e+02 1.289667797088623047e+02
2.535852432250976562e+02 4.365480041503906250e+02 1.295425415039062500e+02
2.536281394958496094e+02 4.375566864013671875e+02 1.285473728179931641e+02
2.550000000000000000e+02 4.367469787597656250e+02 1.286962413787841797e+02
2.542947959899902344e+02 4.374269104003906250e+02 1.284335899353027344e+02
2.542519187927246094e+02 4.363839340209960938e+02 1.293861770629882812e+02
2.539146423339843750e+02 4.359655380249023438e+02 1.299535655975341797e+02
2.550906944274902344e+02 4.360303497314453125e+02 1.292512512207031250e+02
2.554845046997070312e+02 4.354896163940429688e+02 1.294904232025146484e+02
2.548178291320800781e+02 4.357172775268554688e+02 1.296979331970214844e+02
2.559503936767578125e+02 4.360000610351562500e+02 1.287862968444824219e+02
2.555839920043945312e+02 4.365690612792968750e+02 1.285421466827392578e+02
2.566614913940429688e+02 4.356667709350585938e+02 1.286112499237060547e+02
2.562506484985351562e+02 4.363334274291992188e+02 1.283861351013183594e+02
2.559999847412109375e+02 4.352710342407226562e+02 1.293262577056884766e+02
2.559999847412109375e+02 4.347710418701171875e+02 1.297346591949462891e+02
2.569318008422851562e+02 4.349273681640625000e+02 1.289363098144531250e+02
2.565354537963867188e+02 4.345384216308593750e+02 1.295277595520019531e+02
2.576132202148437500e+02 4.346496963500976562e+02 1.285947036743164062e+02
2.572021102905273438e+02 4.341689682006835938e+02 1.292613792419433594e+02
2.573281669616699219e+02 4.353163528442382812e+02 1.283780574798583984e+02
2.580376052856445312e+02 4.350442504882812500e+02 1.280031967163085938e+02
2.569968986511230469e+02 4.360000610351562500e+02 1.282055568695068359e+02
2.570455932617187500e+02 4.370579910278320312e+02 1.281598377227783203e+02
2.580772018432617188e+02 4.360376358032226562e+02 1.277164173126220703e+02
2.584620094299316406e+02 4.357293701171875000e+02 1.274721622467041016e+02
2.579999923706054688e+02 4.367287826538085938e+02 1.281119823455810547e+02
2.589409065246582031e+02 4.362489318847656250e+02 1.279425430297851562e+02
2.589999961853027344e+02 4.358126449584960938e+02 1.273082065582275391e+02
2.585681915283203125e+02 4.365417098999023438e+02 1.282375717163085938e+02
2.600515174865722656e+02 4.357332229614257812e+02 1.279896068572998047e+02
2.589409065246582031e+02 4.361927032470703125e+02 1.289924812316894531e+02
2.584274291992187500e+02 4.364433288574218750e+02 1.293208026885986328e+02
2.589856910705566406e+02 4.357585906982421875e+02 1.299506092071533203e+02
2.585681915283203125e+02 4.365417098999023438e+02 1.286541366577148438e+02
2.597353553771972656e+02 4.356583786010742188e+02 1.290000057220458984e+02
2.602353477478027344e+02 4.353074645996093750e+02 1.290000057220458984e+02
2.595612525939941406e+02 4.355464935302734375e+02 1.295843410491943359e+02
2.599826622009277344e+02 4.349915695190429688e+02 1.299821758270263672e+02
2.597374153137207031e+02 4.346886062622070312e+02 1.307844543457031250e+02
2.606469726562500000e+02 4.346278381347656250e+02 1.297133350372314453e+02
2.593095016479492188e+02 4.353553009033203125e+02 1.302510070800781250e+02
2.604040718078613281e+02 4.344228744506835938e+02 1.303800010681152344e+02
2.600424385070800781e+02 4.342408370971679688e+02 1.310706710815429688e+02
2.610423469543457031e+02 4.340443801879882812e+02 1.300642013549804688e+02
2.613136291503906250e+02 4.343325805664062500e+02 1.292021179199218750e+02
2.607131767272949219e+02 4.337019729614257812e+02 1.310000038146972656e+02
2.616574668884277344e+02 4.336658859252929688e+02 1.297484111785888672e+02
2.614377212524414062e+02 4.334389877319335938e+02 1.304150772094726562e+02
2.612689399719238281e+02 4.330633926391601562e+02 1.310980224609375000e+02
2.620269775390625000e+02 4.330380249023437500e+02 1.300461292266845703e+02
2.617298316955566406e+02 4.327723312377929688e+02 1.308300399780273438e+02
2.626036643981933594e+02 4.326370620727539062e+02 1.296771812438964844e+02
2.623964881896972656e+02 4.323678207397460938e+02 1.303438472747802734e+02
2.623241424560546875e+02 4.333037185668945312e+02 1.291985130310058594e+02
2.619217300415039062e+02 4.339257812500000000e+02 1.288669872283935547e+02
2.627346801757812500e+02 4.329822158813476562e+02 1.289191150665283203e+02
2.631573486328125000e+02 4.329633331298828125e+02 1.280167293548583984e+02
2.625162315368652344e+02 4.335190200805664062e+02 1.285318470001220703e+02
2.632811737060546875e+02 4.321944427490234375e+02 1.290000057220458984e+02
2.634379196166992188e+02 4.324158859252929688e+02 1.283612155914306641e+02
2.636240386962890625e+02 4.316944503784179688e+02 1.290000057220458984e+02
2.629539299011230469e+02 4.319389343261718750e+02 1.299277210235595703e+02
2.626375579833984375e+02 4.317011642456054688e+02 1.307057857513427734e+02
2.635065460205078125e+02 4.315100479125976562e+02 1.295116043090820312e+02
2.633042144775390625e+02 4.312004470825195312e+02 1.301782703399658203e+02
2.629641151428222656e+02 4.309493255615234375e+02 1.309520149230957031e+02
2.636342239379882812e+02 4.309202575683593750e+02 1.299069595336914062e+02
2.641426277160644531e+02 4.299512481689453125e+02 1.299475955963134766e+02
2.641174125671386719e+02 4.309306335449218750e+02 1.289369964599609375e+02
2.635201835632324219e+02 4.305337905883789062e+02 1.305315876007080078e+02
2.636555480957031250e+02 4.300000000000000000e+02 1.307490062713623047e+02
2.633255004882812500e+02 4.300000000000000000e+02 1.312490081787109375e+02
2.639943504333496094e+02 4.289978790283203125e+02 1.309977626800537109e+02
2.643079948425292969e+02 4.279999923706054688e+02 1.312049198150634766e+02
2.643538856506347656e+02 4.292052459716796875e+02 1.302459907531738281e+02
2.636348152160644531e+02 4.287905502319335938e+02 1.316916179656982422e+02
2.634766578674316406e+02 4.294572448730468750e+02 1.314670944213867188e+02
2.645169258117675781e+02 4.285385513305664062e+02 1.305284214019775391e+02
2.646174049377441406e+02 4.279999923706054688e+02 1.307049179077148438e+02
2.646451950073242188e+02 4.289231491088867188e+02 1.299475955963134766e+02
2.649912071228027344e+02 4.279999923706054688e+02 1.300000000000000000e+02
2.651420402526855469e+02 4.289054870605468750e+02 1.289055538177490234e+02
2.645407676696777344e+02 4.295854187011718750e+02 1.295793247222900391e+02
2.646478462219238281e+02 4.299512481689453125e+02 1.289369964599609375e+02
2.643636322021484375e+02 4.302520751953125000e+02 1.292283248901367188e+02
2.649936294555664062e+02 4.300000000000000000e+02 1.280000019073486328e+02
2.645273017883300781e+02 4.305510711669921875e+02 1.285616588592529297e+02
2.646284484863281250e+02 4.307512664794921875e+02 1.280000019073486328e+02
2.643454551696777344e+02 4.312512588500976562e+02 1.280000019073486328e+02
2.647565269470214844e+02 4.310703659057617188e+02 1.270371818542480469e+02
2.653079986572265625e+02 4.299765014648437500e+02 1.270439910888671875e+02
2.649636459350585938e+02 4.309999847412109375e+02 1.260000038146972656e+02
2.645561218261718750e+02 4.315948486328125000e+02 1.267286300659179688e+02
2.644684600830078125e+02 4.314506149291992188e+02 1.273952960968017578e+02
2.642216491699218750e+02 4.319569015502929688e+02 1.270371818542480469e+02
2.642388916015625000e+02 4.321670913696289062e+02 1.260000038146972656e+02
2.638225555419921875e+02 4.320495223999023438e+02 1.280167293548583984e+02
2.636757278442382812e+02 4.327362442016601562e+02 1.269999980926513672e+02
2.632677459716796875e+02 4.332362365722656250e+02 1.269999980926513672e+02
2.635769462585449219e+02 4.326055526733398438e+02 1.276945495605468750e+02
2.637388801574707031e+02 4.327950286865234375e+02 1.260000038146972656e+02
2.636611557006835938e+02 4.326839065551757812e+02 1.252933120727539062e+02
2.632628250122070312e+02 4.332950210571289062e+02 1.260000038146972656e+02
2.629808998107910156e+02 4.330103302001953125e+02 1.252091312408447266e+02
2.627628135681152344e+02 4.337494659423828125e+02 1.260000038146972656e+02
2.620108604431152344e+02 4.341014862060546875e+02 1.259754276275634766e+02
2.626348495483398438e+02 4.336069869995117188e+02 1.254114532470703125e+02
2.627677536010742188e+02 4.337908554077148438e+02 1.269999980926513672e+02
2.622473907470703125e+02 4.342908477783203125e+02 1.269999980926513672e+02
2.626182365417480469e+02 4.336359024047851562e+02 1.280000019073486328e+02
2.621233177185058594e+02 4.341358947753906250e+02 1.280000019073486328e+02
2.616233253479003906e+02 4.346091079711914062e+02 1.280000019073486328e+02
2.609301567077636719e+02 4.351565551757812500e+02 1.279896068572998047e+02
2.617473983764648438e+02 4.346957397460937500e+02 1.269999980926513672e+02
2.615193367004394531e+02 4.345183944702148438e+02 1.285354518890380859e+02
2.609881782531738281e+02 4.347570037841796875e+02 1.289212703704833984e+02
2.609301567077636719e+02 4.352298736572265625e+02 1.269598579406738281e+02
2.616847610473632812e+02 4.346338653564453125e+02 1.262923717498779297e+02
2.609999847412109375e+02 4.348170089721679688e+02 1.262523460388183594e+02
2.603300666809082031e+02 4.347887802124023438e+02 1.263774204254150391e+02
2.610995101928710938e+02 4.339019012451171875e+02 1.258640193939208984e+02
2.610493469238281250e+02 4.330993270874023438e+02 1.260003376007080078e+02
2.603280639648437500e+02 4.339999771118164062e+02 1.263607406616210938e+02
2.614991950988769531e+02 4.335031890869140625e+02 1.254993915557861328e+02
2.614991950988769531e+02 4.334960556030273438e+02 1.254993915557861328e+02
2.619999885559082031e+02 4.335826492309570312e+02 1.254331302642822266e+02
2.619474220275878906e+02 4.330976104736328125e+02 1.253327846527099609e+02
2.615790367126464844e+02 4.328293991088867188e+02 1.255637550354003906e+02
2.622084808349609375e+02 4.320000076293945312e+02 1.252452850341796875e+02
2.623929595947265625e+02 4.309999847412109375e+02 1.253787899017333984e+02
2.617084884643554688e+02 4.320000076293945312e+02 1.257173538208007812e+02
2.630861854553222656e+02 4.319284820556640625e+02 1.247722148895263672e+02
2.630861854553222656e+02 4.309329223632812500e+02 1.248050117492675781e+02
2.634769821166992188e+02 4.315474700927734375e+02 1.244872570037841797e+02
2.639442825317382812e+02 4.319210433959960938e+02 1.249644756317138672e+02
2.635607337951660156e+02 4.315474700927734375e+02 1.244872570037841797e+02
2.645768356323242188e+02 4.316279220581054688e+02 1.253023147583007812e+02
2.638721466064453125e+02 4.309359359741210938e+02 1.245694732666015625e+02
2.636503410339355469e+02 4.300000000000000000e+02 1.245881366729736328e+02
2.641835784912109375e+02 4.306503295898437500e+02 1.244454002380371094e+02
2.635607337951660156e+02 4.312215805053710938e+02 1.244872570037841797e+02
2.647527885437011719e+02 4.309901809692382812e+02 1.249813842773437500e+02
2.645867156982421875e+02 4.306503295898437500e+02 1.244454002380371094e+02
2.652878570556640625e+02 4.300170135498046875e+02 1.249164009094238281e+02
2.654685974121093750e+02 4.294554519653320312e+02 1.245273399353027344e+02
2.647914886474609375e+02 4.300000000000000000e+02 1.243943691253662109e+02
2.653639030456542969e+02 4.302418899536132812e+02 1.260000038146972656e+02
2.655782508850097656e+02 4.296950149536132812e+02 1.251940059661865234e+02
2.655987930297851562e+02 4.297418594360351562e+02 1.260000038146972656e+02
2.657134437561035156e+02 4.290732574462890625e+02 1.249164009094238281e+02
2.655812072753906250e+02 4.287887954711914062e+02 1.244280052185058594e+02
2.658782768249511719e+02 4.289999771118164062e+02 1.260000038146972656e+02
2.660606384277343750e+02 4.279999923706054688e+02 1.250000000000000000e+02
2.662128639221191406e+02 4.270564651489257812e+02 1.250163650512695312e+02
2.656760406494140625e+02 4.279999923706054688e+02 1.243858432769775391e+02
2.662399482727050781e+02 4.279999923706054688e+02 1.260000038146972656e+02
2.660999488830566406e+02 4.279999923706054688e+02 1.269999980926513672e+02
2.664604568481445312e+02 4.273528289794921875e+02 1.260000038146972656e+02
2.664060592651367188e+02 4.270257949829101562e+02 1.270822906494140625e+02
2.665615653991699219e+02 4.268528366088867188e+02 1.260000038146972656e+02
2.666485786437988281e+02 4.259999847412109375e+02 1.260000038146972656e+02
2.665374374389648438e+02 4.267607879638671875e+02 1.253606033325195312e+02
2.665446472167968750e+02 4.267096328735351562e+02 1.268038082122802734e+02
2.666068077087402344e+02 4.260849761962890625e+02 1.270822906494140625e+02
2.665515327453613281e+02 4.258082962036132812e+02 1.277129364013671875e+02
2.666936683654785156e+02 4.250000000000000000e+02 1.269999980926513672e+02
2.664945220947265625e+02 4.264749526977539062e+02 1.274704742431640625e+02
2.664050292968750000e+02 4.260849761962890625e+02 1.280277633666992188e+02
2.661566162109375000e+02 4.270000076293945312e+02 1.280000019073486328e+02
2.660642051696777344e+02 4.259999847412109375e+02 1.290000057220458984e+02
2.664645957946777344e+02 4.252335739135742188e+02 1.283796024322509766e+02
2.665753936767578125e+02 4.249401473999023438e+02 1.280277633666992188e+02
2.662892341613769531e+02 4.249401473999023438e+02 1.289113616943359375e+02
2.663069343566894531e+02 4.240407943725585938e+02 1.289113616943359375e+02
2.657997703552246094e+02 4.250000000000000000e+02 1.300000000000000000e+02
2.665070915222167969e+02 4.245669174194335938e+02 1.285189437866210938e+02
2.665070915222167969e+02 4.244012832641601562e+02 1.285189437866210938e+02
2.665555763244628906e+02 4.242016220092773438e+02 1.280000019073486328e+02
2.664584922790527344e+02 4.237016296386718750e+02 1.280000019073486328e+02
2.665936470031738281e+02 4.241832351684570312e+02 1.269999980926513672e+02
2.660866165161132812e+02 4.236912918090820312e+02 1.269522953033447266e+02
2.665578460693359375e+02 4.243767547607421875e+02 1.263277149200439453e+02
2.659999847412109375e+02 4.242134475708007812e+02 1.261638545989990234e+02
2.666043090820312500e+02 4.250253677368164062e+02 1.259966278076171875e+02
2.659999847412109375e+02 4.247143554687500000e+02 1.256638526916503906e+02
2.665341949462890625e+02 4.253755950927734375e+02 1.254271984100341797e+02
2.659999847412109375e+02 4.252143478393554688e+02 1.253157138824462891e+02
2.665537261962890625e+02 4.259999847412109375e+02 1.253408527374267578e+02
2.659308433532714844e+02 4.260815429687500000e+02 1.248689365386962891e+02
2.650228500366210938e+02 4.260193252563476562e+02 1.250045204162597656e+02
2.655514144897460938e+02 4.264692306518554688e+02 1.244871330261230469e+02
2.654759025573730469e+02 4.264692306518554688e+02 1.244871330261230469e+02
2.656537055969238281e+02 4.270000076293945312e+02 1.244301891326904297e+02
2.653043365478515625e+02 4.270000076293945312e+02 1.244301891326904297e+02
2.648043441772460938e+02 4.270000076293945312e+02 1.246636199951171875e+02
2.649579238891601562e+02 4.279748153686523438e+02 1.243801116943359375e+02
2.644495201110839844e+02 4.282913970947265625e+02 1.244524002075195312e+02
2.645965385437011719e+02 4.276247406005859375e+02 1.245362091064453125e+02
2.650811576843261719e+02 4.290732574462890625e+02 1.243764972686767578e+02
2.643498039245605469e+02 4.289999771118164062e+02 1.243996143341064453e+02
2.638497924804687500e+02 4.289999771118164062e+02 1.247914218902587891e+02
2.641503334045410156e+02 4.300000000000000000e+02 1.243943691253662109e+02
2.633470916748046875e+02 4.289999771118164062e+02 1.252914237976074219e+02
2.640315055847167969e+02 4.280086517333984375e+02 1.249886131286621094e+02
2.642655181884765625e+02 4.270000076293945312e+02 1.251636219024658203e+02
2.636134910583496094e+02 4.277259063720703125e+02 1.256327819824218750e+02
2.634621047973632812e+02 4.283925628662109375e+02 1.254410171508789062e+02
2.632527732849121094e+02 4.280355453491210938e+02 1.259796714782714844e+02
2.627193832397460938e+02 4.279999923706054688e+02 1.268179988861083984e+02
2.628236198425292969e+02 4.289861297607421875e+02 1.260224819183349609e+02
2.633825874328613281e+02 4.271699523925781250e+02 1.262994480133056641e+02
2.630127334594726562e+02 4.269939041137695312e+02 1.269959449768066406e+02
2.637134170532226562e+02 4.269019699096679688e+02 1.259796714782714844e+02
2.641444396972656250e+02 4.259416580200195312e+02 1.259253692626953125e+02
2.635016632080078125e+02 4.265032958984375000e+02 1.265020847320556641e+02
2.636251449584960938e+02 4.259999847412109375e+02 1.266784381866455078e+02
2.633157920837402344e+02 4.259999847412109375e+02 1.271784400939941406e+02
2.638504600524902344e+02 4.250212097167968750e+02 1.270415019989013672e+02
2.634448432922363281e+02 4.253686904907226562e+02 1.274025058746337891e+02
2.643539619445800781e+02 4.250000000000000000e+02 1.262448787689208984e+02
2.636121368408203125e+02 4.247019958496093750e+02 1.276570129394531250e+02
2.643306541442871094e+02 4.240690994262695312e+02 1.270652675628662109e+02
2.644655418395996094e+02 4.234492111206054688e+02 1.274421119689941406e+02
2.644734191894531250e+02 4.244485092163085938e+02 1.264508819580078125e+02
2.638009452819824219e+02 4.239743804931640625e+02 1.279942131042480469e+02
2.650000000000000000e+02 4.237672805786132812e+02 1.267719554901123047e+02
2.650000000000000000e+02 4.233322906494140625e+02 1.272719573974609375e+02
2.650000000000000000e+02 4.242672729492187500e+02 1.262562370300292969e+02
2.649418640136718750e+02 4.249461364746093750e+02 1.257303524017333984e+02
2.652364540100097656e+02 4.252435302734375000e+02 1.253270912170410156e+02
2.645697975158691406e+02 4.255694198608398438e+02 1.255422782897949219e+02
2.650010299682617188e+02 4.227817535400390625e+02 1.280726623535156250e+02
2.658110237121582031e+02 4.233271408081054688e+02 1.272538280487060547e+02
2.658882522583007812e+02 4.229962921142578125e+02 1.280726623535156250e+02
2.659265136718750000e+02 4.229999923706054688e+02 1.290000057220458984e+02
2.655357742309570312e+02 4.224810028076171875e+02 1.284544372558593750e+02
2.653350448608398438e+02 4.224810028076171875e+02 1.284544372558593750e+02
2.655645370483398438e+02 4.224515914916992188e+02 1.290000057220458984e+02
2.650010299682617188e+02 4.223988342285156250e+02 1.289306926727294922e+02
2.655502891540527344e+02 4.224544525146484375e+02 1.296945285797119141e+02
2.650683403015136719e+02 4.223112487792968750e+02 1.300167179107666016e+02
2.656680107116699219e+02 4.229651260375976562e+02 1.300167179107666016e+02
2.654472351074218750e+02 4.226085662841796875e+02 1.303611946105957031e+02
2.655473899841308594e+02 4.232752227783203125e+02 1.305912876129150391e+02
2.658540344238281250e+02 4.239999771118164062e+02 1.300000000000000000e+02
2.655705833435058594e+02 4.239999771118164062e+02 1.306336307525634766e+02
2.652783012390136719e+02 4.239999771118164062e+02 1.311336326599121094e+02
2.655366516113281250e+02 4.250000000000000000e+02 1.305680942535400391e+02
2.652367591857910156e+02 4.250000000000000000e+02 1.310680961608886719e+02
2.655021667480468750e+02 4.255095291137695312e+02 1.305039024353027344e+02
2.656443595886230469e+02 4.259057235717773438e+02 1.300047588348388672e+02
2.651628494262695312e+02 4.259057235717773438e+02 1.309023380279541016e+02
2.654145812988281250e+02 4.261762237548828125e+02 1.303412723541259766e+02
2.646426391601562500e+02 4.259999847412109375e+02 1.317279720306396484e+02
2.647676658630371094e+02 4.270091629028320312e+02 1.310468769073486328e+02
2.653209686279296875e+02 4.270677566528320312e+02 1.300047588348388672e+02
2.645585823059082031e+02 4.266819381713867188e+02 1.315923118591308594e+02
2.644425010681152344e+02 4.273485946655273438e+02 1.314114665985107422e+02
2.641915321350097656e+02 4.270091629028320312e+02 1.319553852081298828e+02
2.636575317382812500e+02 4.270000076293945312e+02 1.327042675018310547e+02
2.637755584716796875e+02 4.279667663574218750e+02 1.320149707794189453e+02
2.643058204650878906e+02 4.259999847412109375e+02 1.322279739379882812e+02
2.644186592102050781e+02 4.250000000000000000e+02 1.323866653442382812e+02
2.638058280944824219e+02 4.259999847412109375e+02 1.329001426696777344e+02
2.638646697998046875e+02 4.250757598876953125e+02 1.330942916870117188e+02
2.634122276306152344e+02 4.259999847412109375e+02 1.334001445770263672e+02
2.634914779663085938e+02 4.254596328735351562e+02 1.334904861450195312e+02
2.628311157226562500e+02 4.259048461914062500e+02 1.340413665771484375e+02
2.632448387145996094e+02 4.270000076293945312e+02 1.332042694091796875e+02
2.627448463439941406e+02 4.270000076293945312e+02 1.337582015991210938e+02
2.629949760437011719e+02 4.279948043823242188e+02 1.329953765869140625e+02
2.624287986755371094e+02 4.283783340454101562e+02 1.334281063079833984e+02
2.633883285522460938e+02 4.282779312133789062e+02 1.323582839965820312e+02
2.626016426086425781e+02 4.277116394042968750e+02 1.336086559295654297e+02
2.627065849304199219e+02 4.289999771118164062e+02 1.327431297302246094e+02
2.635485839843750000e+02 4.276112747192382812e+02 1.325626468658447266e+02
2.625537681579589844e+02 4.295978164672851562e+02 1.325627326965332031e+02
2.622518157958984375e+02 4.289999771118164062e+02 1.332431221008300781e+02
2.632512664794921875e+02 4.290743255615234375e+02 1.320149707794189453e+02
2.627926635742187500e+02 4.299586868286132812e+02 1.319972610473632812e+02
2.626239967346191406e+02 4.306981658935546875e+02 1.316621017456054688e+02
2.623553276062011719e+02 4.302644729614257812e+02 1.323287677764892578e+02
2.619644737243652344e+02 4.299451446533203125e+02 1.329661560058593750e+02
2.620473480224609375e+02 4.310784530639648438e+02 1.320642566680908203e+02
2.624060249328613281e+02 4.313648605346679688e+02 1.313724517822265625e+02
2.616886711120605469e+02 4.307920837402343750e+02 1.327029228210449219e+02
2.617393493652343750e+02 4.318302917480468750e+02 1.317997455596923828e+02
2.614688873291015625e+02 4.314587402343750000e+02 1.324664115905761719e+02
2.610827636718750000e+02 4.311188125610351562e+02 1.330820941925048828e+02
2.612970733642578125e+02 4.320981597900390625e+02 1.320798492431640625e+02
2.614973068237304688e+02 4.324969482421875000e+02 1.314967060089111328e+02
2.607483482360839844e+02 4.320000076293945312e+02 1.327426624298095703e+02
2.607236480712890625e+02 4.329190063476562500e+02 1.319089031219482422e+02
2.601887321472167969e+02 4.331983566284179688e+02 1.321815013885498047e+02
2.605289268493652344e+02 4.325317001342773438e+02 1.325289535522460938e+02
2.605131912231445312e+02 4.335130691528320312e+02 1.315148353576660156e+02
2.599132347106933594e+02 4.336993789672851562e+02 1.319089031219482422e+02
2.590739440917968750e+02 4.342767715454101562e+02 1.320812606811523438e+02
2.595220756530761719e+02 4.335204696655273438e+02 1.325203418731689453e+02
2.589999961853027344e+02 4.337468719482421875e+02 1.327464485168457031e+02
2.599132347106933594e+02 4.329190063476562500e+02 1.327239036560058594e+02
2.600725173950195312e+02 4.320930099487304688e+02 1.332884597778320312e+02
2.590931510925292969e+02 4.330836868286132812e+02 1.332914829254150391e+02
2.584692955017089844e+02 4.334727859497070312e+02 1.334749221801757812e+02
2.588219070434570312e+02 4.328061294555664062e+02 1.337408638000488281e+02
2.594885826110839844e+02 4.324883651733398438e+02 1.334905433654785156e+02
2.590883445739746094e+02 4.320956039428710938e+02 1.340672111511230469e+02
2.593547821044921875e+02 4.313339614868164062e+02 1.343935489654541016e+02
2.583643913269042969e+02 4.323695373535156250e+02 1.344075298309326172e+02
2.586881256103515625e+02 4.317028427124023438e+02 1.346234416961669922e+02
2.597875213623046875e+02 4.318217086791992188e+02 1.337268829345703125e+02
2.600425720214843750e+02 4.310564422607421875e+02 1.340347003936767578e+02
2.602976226806640625e+02 4.302243423461914062e+02 1.343425083160400391e+02
2.604541969299316406e+02 4.314455413818359375e+02 1.334612655639648438e+02
2.596309661865234375e+02 4.306673049926757812e+02 1.345939540863037109e+02
2.606966400146484375e+02 4.307788848876953125e+02 1.336758422851562500e+02
2.609496879577636719e+02 4.299250411987304688e+02 1.339569854736328125e+02
2.612017822265625000e+02 4.289999771118164062e+02 1.342397308349609375e+02
2.613632965087890625e+02 4.302924346923828125e+02 1.333695888519287109e+02
2.605360603332519531e+02 4.295576477050781250e+02 1.345293998718261719e+02
2.615736198425292969e+02 4.296257781982421875e+02 1.335714626312255859e+02
2.617518234252929688e+02 4.289999771118164062e+02 1.337397384643554688e+02
2.620103454589843750e+02 4.280258560180664062e+02 1.340117549896240234e+02
2.615918922424316406e+02 4.276733779907226562e+02 1.345792293548583984e+02
2.613996315002441406e+02 4.283400344848632812e+02 1.344148540496826172e+02
2.622371864318847656e+02 4.270000076293945312e+02 1.342581939697265625e+02
2.623910140991210938e+02 4.261747741699218750e+02 1.344022750854492188e+02
2.617371940612792969e+02 4.270000076293945312e+02 1.346990776062011719e+02
2.609727478027343750e+02 4.270966720581054688e+02 1.352583026885986328e+02
2.620346069335937500e+02 4.259048461914062500e+02 1.347701358795166016e+02
2.619999885559082031e+02 4.250000000000000000e+02 1.349557304382324219e+02
2.612513732910156250e+02 4.259999847412109375e+02 1.353360557556152344e+02
2.625022125244140625e+02 4.255081176757812500e+02 1.345021533966064453e+02
2.625424003601074219e+02 4.250000000000000000e+02 1.345402336120605469e+02
2.625694656372070312e+02 4.239999771118164062e+02 1.345644378662109375e+02
2.631288146972656250e+02 4.250757598876953125e+02 1.339335918426513672e+02
2.635495567321777344e+02 4.247929763793945312e+02 1.335559940338134766e+02
2.630694770812988281e+02 4.239999771118164062e+02 1.340868568420410156e+02
2.629732704162597656e+02 4.230200195312500000e+02 1.339511108398437500e+02
2.635779953002929688e+02 4.239999771118164062e+02 1.335868549346923828e+02
2.635544204711914062e+02 4.232989501953125000e+02 1.335598182678222656e+02
2.640572166442871094e+02 4.239999771118164062e+02 1.330000019073486328e+02
2.638579750061035156e+02 4.229793548583984375e+02 1.330560302734375000e+02
2.644792175292968750e+02 4.239999771118164062e+02 1.324713802337646484e+02
2.644066429138183594e+02 4.229999923706054688e+02 1.323765087127685547e+02
2.647783088684082031e+02 4.239999771118164062e+02 1.319713783264160156e+02
2.647165298461914062e+02 4.229999923706054688e+02 1.318765068054199219e+02
2.647367477416992188e+02 4.250000000000000000e+02 1.318866634368896484e+02
2.652415657043457031e+02 4.229651260375976562e+02 1.309547710418701172e+02
2.646017074584960938e+02 4.223910140991210938e+02 1.316774082183837891e+02
2.640290832519531250e+02 4.222278213500976562e+02 1.320064449310302734e+02
2.647867202758789062e+02 4.222945404052734375e+02 1.310000038146972656e+02
2.639999961853027344e+02 4.220933914184570312e+02 1.310000038146972656e+02
2.639983177185058594e+02 4.222876739501953125e+02 1.300087165832519531e+02
2.630458831787109375e+02 4.223356628417968750e+02 1.310951328277587891e+02
2.634098052978515625e+02 4.224151229858398438e+02 1.303478622436523438e+02
2.629999923706054688e+02 4.221363449096679688e+02 1.319999980926513672e+02
2.627431488037109375e+02 4.228112030029296875e+02 1.308252239227294922e+02
2.624946022033691406e+02 4.224943161010742188e+02 1.314918899536132812e+02
2.623494720458984375e+02 4.230867385864257812e+02 1.310951328277587891e+02
2.623483848571777344e+02 4.223948287963867188e+02 1.319999980926513672e+02
2.618389320373535156e+02 4.229767990112304688e+02 1.319794559478759766e+02
2.619819450378417969e+02 4.223314666748046875e+02 1.330486202239990234e+02
2.614619827270507812e+02 4.224680709838867188e+02 1.334143638610839844e+02
2.619999885559082031e+02 4.223902130126953125e+02 1.337745857238769531e+02
2.616365623474121094e+02 4.226280212402343750e+02 1.327476978302001953e+02
2.630449295043945312e+02 4.222538375854492188e+02 1.330560302734375000e+02
2.627415466308593750e+02 4.223855209350585938e+02 1.336757373809814453e+02
2.634082221984863281e+02 4.226322937011718750e+02 1.334267139434814453e+02
2.637151336669921875e+02 4.223386764526367188e+02 1.327600479125976562e+02
2.610824584960937500e+02 4.230540847778320312e+02 1.331132316589355469e+02
2.604861831665039062e+02 4.234801864624023438e+02 1.334787750244140625e+02
2.613695716857910156e+02 4.232946777343750000e+02 1.322990989685058594e+02
2.610771942138671875e+02 4.228365707397460938e+02 1.340142250061035156e+02
2.606560707092285156e+02 4.239999771118164062e+02 1.327398490905761719e+02
2.611737442016601562e+02 4.239930343627929688e+02 1.319794559478759766e+02
2.605051803588867188e+02 4.245089340209960938e+02 1.325076961517333984e+02
2.603289794921875000e+02 4.239999771118164062e+02 1.332398509979248047e+02
2.598847770690917969e+02 4.240287780761718750e+02 1.340184593200683594e+02
2.599832344055175781e+02 4.249341964721679688e+02 1.329562473297119141e+02
2.603473472595214844e+02 4.251755905151367188e+02 1.322895908355712891e+02
2.596191215515136719e+02 4.246928024291992188e+02 1.336974239349365234e+02
2.596806907653808594e+02 4.258229064941406250e+02 1.327381420135498047e+02
2.594248771667480469e+02 4.253594589233398438e+02 1.334048080444335938e+02
2.592905998229980469e+02 4.260937500000000000e+02 1.330428886413574219e+02
2.592132759094238281e+02 4.250156784057617188e+02 1.340184593200683594e+02
2.588034439086914062e+02 4.250426864624023438e+02 1.349350261688232422e+02
2.587032699584960938e+02 4.259130477905273438e+02 1.339534759521484375e+02
2.594149017333984375e+02 4.243812942504882812e+02 1.343640899658203125e+02
2.593675613403320312e+02 4.243437576293945312e+02 1.350000000000000000e+02
2.600215911865234375e+02 4.238306045532226562e+02 1.350460433959960938e+02
2.594084930419921875e+02 4.244104003906250000e+02 1.355899810791015625e+02
2.600000000000000000e+02 4.242522811889648438e+02 1.356404209136962891e+02
2.590451049804687500e+02 4.250426864624023438e+02 1.357853412628173828e+02
2.584207534790039062e+02 4.254045104980468750e+02 1.356453990936279297e+02
2.589100456237792969e+02 4.260898590087890625e+02 1.362812805175781250e+02
2.600000000000000000e+02 4.250000000000000000e+02 1.359139728546142578e+02
2.600000000000000000e+02 4.259999847412109375e+02 1.360225296020507812e+02
2.608380699157714844e+02 4.250000000000000000e+02 1.356663513183593750e+02
2.607513618469238281e+02 4.259999847412109375e+02 1.356549930572509766e+02
2.607368469238281250e+02 4.242593383789062500e+02 1.355972385406494141e+02
2.613380622863769531e+02 4.250000000000000000e+02 1.354154968261718750e+02
2.610421180725097656e+02 4.239555740356445312e+02 1.353553867340087891e+02
2.619999885559082031e+02 4.239999771118164062e+02 1.349511146545410156e+02
2.609999847412109375e+02 4.231855773925781250e+02 1.348501300811767578e+02
2.603693199157714844e+02 4.233743286132812500e+02 1.347434043884277344e+02
2.619999885559082031e+02 4.232106781005859375e+02 1.346934032440185547e+02
2.619999885559082031e+02 4.227106857299804688e+02 1.342745780944824219e+02
2.625383186340332031e+02 4.234077835083007812e+02 1.345344257354736328e+02
2.603916358947753906e+02 4.233908843994140625e+02 1.340000057220458984e+02
2.606212615966796875e+02 4.268277740478515625e+02 1.355820941925048828e+02
2.600983810424804688e+02 4.270966720581054688e+02 1.358111381530761719e+02
2.604973030090332031e+02 4.274944686889648438e+02 1.354983997344970703e+02
2.598235702514648438e+02 4.279999923706054688e+02 1.356886959075927734e+02
2.590173339843750000e+02 4.270000076293945312e+02 1.363273525238037109e+02
2.589038085937500000e+02 4.279059982299804688e+02 1.361900329589843750e+02
2.585173225402832031e+02 4.270000076293945312e+02 1.365048408508300781e+02
2.585167503356933594e+02 4.264831161499023438e+02 1.365038490295410156e+02
2.585063552856445312e+02 4.275099945068359375e+02 1.365025997161865234e+02
2.580851173400878906e+02 4.270106506347656250e+02 1.365295696258544922e+02
2.573278999328613281e+02 4.273510742187500000e+02 1.365428256988525391e+02
2.578085327148437500e+02 4.266844177246093750e+02 1.362858581542968750e+02
2.584752082824707031e+02 4.264831161499023438e+02 1.365038490295410156e+02
2.579436492919921875e+02 4.279059982299804688e+02 1.365423107147216797e+02
2.582394027709960938e+02 4.281766510009765625e+02 1.363984584808349609e+02
2.569967269897460938e+02 4.279876708984375000e+02 1.365742874145507812e+02
2.575727462768554688e+02 4.286050796508789062e+02 1.365250968933105469e+02
2.569943809509277344e+02 4.289630508422851562e+02 1.365787982940673828e+02
2.579436492919921875e+02 4.289630508422851562e+02 1.362691307067871094e+02
2.580724716186523438e+02 4.300678253173828125e+02 1.358153247833251953e+02
2.590227699279785156e+02 4.289959335327148438e+02 1.357471466064453125e+02
2.573239707946777344e+02 4.292717742919921875e+02 1.364349746704101562e+02
2.569943809509277344e+02 4.300279235839843750e+02 1.363259410858154297e+02
2.563980674743652344e+02 4.303799057006835938e+02 1.364661502838134766e+02
2.570890235900878906e+02 4.310888290405273438e+02 1.358520793914794922e+02
2.566572952270507812e+02 4.297132110595703125e+02 1.365503501892089844e+02
2.560388374328613281e+02 4.300279235839843750e+02 1.366142463684082031e+02
2.559985160827636719e+02 4.289871215820312500e+02 1.366081047058105469e+02
2.557314109802246094e+02 4.307072830200195312e+02 1.365661334991455078e+02
2.549695587158203125e+02 4.299603271484375000e+02 1.366396141052246094e+02
2.539999961853027344e+02 4.303158187866210938e+02 1.365796947479248047e+02
2.546165657043457031e+02 4.296034240722656250e+02 1.360000038146972656e+02
2.552825927734375000e+02 4.293118667602539062e+02 1.365739345550537109e+02
2.550103569030761719e+02 4.310243606567382812e+02 1.366248607635498047e+02
2.553506088256835938e+02 4.313739776611328125e+02 1.364531040191650391e+02
2.539999961853027344e+02 4.309999847412109375e+02 1.366867733001708984e+02
2.546839523315429688e+02 4.316297149658203125e+02 1.365493488311767578e+02
2.539494323730468750e+02 4.319778442382812500e+02 1.366003608703613281e+02
2.550103569030761719e+02 4.319778442382812500e+02 1.362961006164550781e+02
2.542490577697753906e+02 4.322963714599609375e+02 1.364124202728271484e+02
2.560735893249511719e+02 4.320765304565429688e+02 1.358357715606689453e+02
2.550193977355957031e+02 4.330394363403320312e+02 1.357723808288574219e+02
2.553656578063964844e+02 4.333990859985351562e+02 1.354344081878662109e+02
2.546990013122558594e+02 4.336312866210937500e+02 1.355802249908447266e+02
2.557893180847167969e+02 4.327323913574218750e+02 1.356279850006103516e+02
2.539494323730468750e+02 4.329330825805664062e+02 1.362137222290039062e+02
2.529999923706054688e+02 4.332132339477539062e+02 1.363698577880859375e+02
2.539201736450195312e+02 4.339787673950195312e+02 1.356742572784423828e+02
2.535823822021484375e+02 4.325551223754882812e+02 1.365244960784912109e+02
2.529999923706054688e+02 4.327132415771484375e+02 1.365705680847167969e+02
2.519968032836914062e+02 4.330374908447265625e+02 1.365973949432373047e+02
2.529999923706054688e+02 4.320000076293945312e+02 1.366769981384277344e+02
2.530891227722167969e+02 4.310629272460937500e+02 1.365933227539062500e+02
2.520370292663574219e+02 4.320143508911132812e+02 1.366107273101806641e+02
2.518306732177734375e+02 4.317578125000000000e+02 1.360000038146972656e+02
2.509999847412109375e+02 4.323820495605468750e+02 1.365602016448974609e+02
2.523950386047363281e+02 4.314382553100585938e+02 1.365484809875488281e+02
2.523306846618652344e+02 4.313960266113281250e+02 1.360000038146972656e+02
2.523791885375976562e+02 4.314231109619140625e+02 1.354240512847900391e+02
2.529665184020996094e+02 4.308960342407226562e+02 1.360000038146972656e+02
2.534665107727050781e+02 4.304750061035156250e+02 1.360000038146972656e+02
2.531347274780273438e+02 4.311137390136718750e+02 1.351186466217041016e+02
2.534734916687011719e+02 4.304794692993164062e+02 1.354799079895019531e+02
2.534626388549804688e+02 4.314710235595703125e+02 1.344762706756591797e+02
2.527959823608398438e+02 4.317347717285156250e+02 1.347573852539062500e+02
2.539999961853027344e+02 4.307328414916992188e+02 1.347404575347900391e+02
2.539999961853027344e+02 4.302626037597656250e+02 1.352404594421386719e+02
2.539999961853027344e+02 4.312328720092773438e+02 1.342811298370361328e+02
2.545060348510742188e+02 4.305060958862304688e+02 1.345073699951171875e+02
2.548560905456542969e+02 4.298564529418945312e+02 1.348428058624267578e+02
2.548705673217773438e+02 4.308708190917968750e+02 1.338984394073486328e+02
2.551727104187011719e+02 4.301755905151367188e+02 1.342316532135009766e+02
2.552350997924804688e+02 4.312355041503906250e+02 1.332934093475341797e+02
2.545684242248535156e+02 4.315663909912109375e+02 1.335652351379394531e+02
2.555632019042968750e+02 4.305688476562500000e+02 1.335649871826171875e+02
2.559329605102539062e+02 4.309256362915039062e+02 1.329464530944824219e+02
2.558691024780273438e+02 4.298507308959960938e+02 1.338782882690429688e+02
2.562326240539550781e+02 4.289999771118164062e+02 1.342465019226074219e+02
2.562298774719238281e+02 4.301925277709960938e+02 1.332661628723144531e+02
2.555083084106445312e+02 4.295089340209960938e+02 1.345115756988525391e+02
2.565225982666015625e+02 4.295258712768554688e+02 1.335249328613281250e+02
2.567354583740234375e+02 4.289999771118164062e+02 1.337465000152587891e+02
2.568943786621093750e+02 4.298660659790039062e+02 1.329004859924316406e+02
2.572354698181152344e+02 4.289999771118164062e+02 1.332455635070800781e+02
2.572661590576171875e+02 4.302062988281250000e+02 1.322838973999023438e+02
2.565995025634765625e+02 4.306157684326171875e+02 1.325994968414306641e+02
2.575307083129882812e+02 4.295396041870117188e+02 1.325348091125488281e+02
2.577218627929687500e+02 4.289999771118164062e+02 1.327455615997314453e+02
2.579049491882324219e+02 4.298591995239257812e+02 1.318968296051025391e+02
2.582218551635742188e+02 4.289999771118164062e+02 1.322015857696533203e+02
2.582791900634765625e+02 4.301787567138671875e+02 1.312615108489990234e+02
2.576125144958496094e+02 4.306465148925781250e+02 1.316172313690185547e+02
2.585086059570312500e+02 4.295121002197265625e+02 1.315097618103027344e+02
2.587331008911132812e+02 4.299072647094726562e+02 1.309569072723388672e+02
2.586743545532226562e+02 4.289999771118164062e+02 1.317015838623046875e+02
2.590132331848144531e+02 4.280101013183593750e+02 1.320098114013671875e+02
2.592163848876953125e+02 4.290608596801757812e+02 1.310202980041503906e+02
2.593905258178710938e+02 4.282991027832031250e+02 1.313671588897705078e+02
2.594614791870117188e+02 4.294347381591796875e+02 1.304526710510253906e+02
2.596587944030761719e+02 4.287680816650390625e+02 1.307004928588867188e+02
2.600250625610351562e+02 4.290286254882812500e+02 1.300219058990478516e+02
2.598343086242675781e+02 4.279794311523437500e+02 1.310202980041503906e+02
2.602918434143066406e+02 4.270877838134765625e+02 1.310345935821533203e+02
2.603615570068359375e+02 4.279999923706054688e+02 1.303078842163085938e+02
2.595750808715820312e+02 4.276324081420898438e+02 1.315939426422119141e+02
2.597473335266113281e+02 4.270000076293945312e+02 1.318154144287109375e+02
2.593478775024414062e+02 4.270000076293945312e+02 1.323154163360595703e+02
2.600510215759277344e+02 4.260789489746093750e+02 1.320581054687500000e+02
2.604213523864746094e+02 4.263350296020507812e+02 1.313909816741943359e+02
2.605913925170898438e+02 4.256683349609375000e+02 1.316229248046875000e+02
2.594945526123046875e+02 4.264896011352539062e+02 1.324932861328125000e+02
2.608430480957031250e+02 4.260010147094726562e+02 1.310345935821533203e+02
2.607068443298339844e+02 4.249053573608398438e+02 1.319737529754638672e+02
2.612926673889160156e+02 4.250745010375976562e+02 1.310234928131103516e+02
2.614815711975097656e+02 4.254574966430664062e+02 1.304714202880859375e+02
2.616493988037109375e+02 4.247908401489257812e+02 1.307058238983154297e+02
2.614147949218750000e+02 4.243217468261718750e+02 1.313724899291992188e+02
2.618423461914062500e+02 4.239930343627929688e+02 1.310234928131103516e+02
2.623526573181152344e+02 4.239999771118164062e+02 1.302603244781494141e+02
2.616003799438476562e+02 4.236550903320312500e+02 1.316324329376220703e+02
2.624874687194824219e+02 4.234778976440429688e+02 1.304802417755126953e+02
2.626818466186523438e+02 4.239999771118164062e+02 1.297603321075439453e+02
2.620112800598144531e+02 4.249996948242187500e+02 1.300024795532226562e+02
2.623731422424316406e+02 4.252085876464843750e+02 1.292803668975830078e+02
2.616940116882324219e+02 4.259999847412109375e+02 1.297844696044921875e+02
2.625241088867187500e+02 4.245418930053710938e+02 1.295335292816162109e+02
2.626977920532226562e+02 4.249251556396484375e+02 1.289682197570800781e+02
2.625749588012695312e+02 4.256511688232421875e+02 1.286137008666992188e+02
2.632502555847167969e+02 4.250212097167968750e+02 1.279942131042480469e+02
2.631838226318359375e+02 4.239743804931640625e+02 1.289750862121582031e+02
2.633972549438476562e+02 4.242906188964843750e+02 1.283236789703369141e+02
2.635905647277832031e+02 4.236239624023437500e+02 1.286251354217529297e+02
2.633850288391113281e+02 4.233089065551757812e+02 1.292918014526367188e+02
2.630640792846679688e+02 4.230600738525390625e+02 1.300807189941406250e+02
2.639605522155761719e+02 4.229177474975585938e+02 1.289214801788330078e+02
2.643305397033691406e+02 4.223959350585937500e+02 1.292178153991699219e+02
2.642920875549316406e+02 4.232318496704101562e+02 1.280000019073486328e+02
2.636638641357421875e+02 4.226422500610351562e+02 1.296811962127685547e+02
2.646683883666992188e+02 4.225265502929687500e+02 1.285511493682861328e+02
2.627976226806640625e+02 4.259906768798828125e+02 1.280259609222412109e+02
2.626428604125976562e+02 4.268178176879882812e+02 1.277099323272705078e+02
2.624255180358886719e+02 4.263178253173828125e+02 1.283765983581542969e+02
2.623245239257812500e+02 4.270906829833984375e+02 1.280259609222412109e+02
2.622105216979980469e+02 4.259906768798828125e+02 1.289682197570800781e+02
2.617594718933105469e+02 4.269626998901367188e+02 1.290060043334960938e+02
2.615521812438964844e+02 4.266045379638671875e+02 1.295745372772216797e+02
2.616214179992675781e+02 4.277414703369140625e+02 1.286766624450683594e+02
2.613996315002441406e+02 4.272711944580078125e+02 1.293433284759521484e+02
2.612560081481933594e+02 4.280448913574218750e+02 1.290060043334960938e+02
2.610325241088867188e+02 4.270420837402343750e+02 1.300302886962890625e+02
2.604899406433105469e+02 4.274796676635742188e+02 1.304860305786132812e+02
2.613602447509765625e+02 4.259999847412109375e+02 1.302844715118408203e+02
2.606654167175292969e+02 4.268129730224609375e+02 1.307243156433105469e+02
2.607266426086425781e+02 4.279999923706054688e+02 1.298078823089599609e+02
2.605692100524902344e+02 4.286225509643554688e+02 1.295911502838134766e+02
2.607958793640136719e+02 4.289735031127929688e+02 1.290071582794189453e+02
2.603913116455078125e+02 4.292892074584960938e+02 1.293452644348144531e+02
2.613179206848144531e+02 4.289999771118164062e+02 1.282225322723388672e+02
2.606327629089355469e+02 4.297275543212890625e+02 1.286785984039306641e+02
2.609940338134765625e+02 4.299654388427734375e+02 1.279726696014404297e+02
2.602171897888183594e+02 4.300365447998046875e+02 1.290071582794189453e+02
2.604425430297851562e+02 4.303942108154296875e+02 1.284179782867431641e+02
2.596895599365234375e+02 4.300000000000000000e+02 1.297404289245605469e+02
2.597395896911621094e+02 4.309271240234375000e+02 1.289699077606201172e+02
2.603220558166503906e+02 4.310987472534179688e+02 1.280507850646972656e+02
2.595281028747558594e+02 4.305452346801757812e+02 1.295345687866210938e+02
2.595953369140625000e+02 4.316577911376953125e+02 1.286165142059326172e+02
2.593224334716796875e+02 4.312118911743164062e+02 1.292831802368164062e+02
2.590247535705566406e+02 4.320271301269531250e+02 1.290188503265380859e+02
2.589537429809570312e+02 4.309167098999023438e+02 1.299372386932373047e+02
2.592848968505859375e+02 4.300000000000000000e+02 1.302404308319091797e+02
2.583493041992187500e+02 4.312881469726562500e+02 1.303399181365966797e+02
2.585850524902343750e+02 4.306214904785156250e+02 1.305948448181152344e+02
2.586557579040527344e+02 4.317297744750976562e+02 1.296732521057128906e+02
2.580543136596679688e+02 4.320670318603515625e+02 1.300496101379394531e+02
2.584259796142578125e+02 4.323964309692382812e+02 1.294211959838867188e+02
2.576826477050781250e+02 4.317376327514648438e+02 1.306879901885986328e+02
2.574214363098144531e+02 4.324042892456054688e+02 1.304259681701660156e+02
2.576958084106445312e+02 4.329999923706054688e+02 1.296956729888916016e+02
2.575017547607421875e+02 4.335023117065429688e+02 1.295016098022460938e+02
2.581958198547363281e+02 4.329999923706054688e+02 1.291995429992675781e+02
2.570528602600097656e+02 4.330745315551757812e+02 1.302355480194091797e+02
2.564589691162109375e+02 4.334575271606445312e+02 1.304650115966796875e+02
2.567547607421875000e+02 4.327908706665039062e+02 1.307358169555664062e+02
2.569212722778320312e+02 4.339013671875000000e+02 1.296966266632080078e+02
2.560753822326660156e+02 4.340679168701171875e+02 1.302667331695556641e+02
2.557922935485839844e+02 4.337798690795898438e+02 1.307416439056396484e+02
2.554268646240234375e+02 4.344465255737304688e+02 1.304517936706542969e+02
2.551223373413085938e+02 4.350901412963867188e+02 1.300748634338378906e+02
2.550626564025878906e+02 4.340527725219726562e+02 1.310418605804443359e+02
2.546984672546386719e+02 4.336590194702148438e+02 1.316466045379638672e+02
2.547601890563964844e+02 4.346906280517578125e+02 1.306754112243652344e+02
2.553651237487792969e+02 4.333879089355468750e+02 1.314083099365234375e+02
2.542245864868164062e+02 4.343257141113281250e+02 1.313420772552490234e+02
2.539009666442871094e+02 4.349480438232421875e+02 1.309437179565429688e+02
2.538783645629882812e+02 4.339248657226562500e+02 1.319260311126708984e+02
2.535321617126464844e+02 4.335240173339843750e+02 1.325249004364013672e+02
2.535579109191894531e+02 4.345388031005859375e+02 1.315387916564941406e+02
2.529999923706054688e+02 4.341955184936523438e+02 1.322065830230712891e+02
2.541988182067871094e+02 4.332803344726562500e+02 1.323132705688476562e+02
2.538510894775390625e+02 4.328915405273437500e+02 1.328997421264648438e+02
2.549956130981445312e+02 4.330007934570312500e+02 1.319988346099853516e+02
2.546261024475097656e+02 4.326136779785156250e+02 1.326079273223876953e+02
2.557176971435546875e+02 4.327212142944335938e+02 1.316843986511230469e+02
2.552927589416503906e+02 4.323096084594726562e+02 1.323510646820068359e+02
2.549305915832519531e+02 4.319380187988281250e+02 1.329506683349609375e+02
2.560102081298828125e+02 4.320104598999023438e+02 1.320107364654541016e+02
2.563027000427246094e+02 4.312824249267578125e+02 1.323370647430419922e+02
2.563843727111816406e+02 4.323779678344726562e+02 1.314024829864501953e+02
2.556360435485839844e+02 4.316429519653320312e+02 1.326267433166503906e+02
2.566824531555175781e+02 4.317113113403320312e+02 1.316703987121582031e+02
2.570519447326660156e+02 4.320578002929687500e+02 1.310452365875244141e+02
2.569743156433105469e+02 4.309644699096679688e+02 1.319771480560302734e+02
2.573491287231445312e+02 4.313131713867187500e+02 1.313546562194824219e+02
2.579809188842773438e+02 4.309673309326171875e+02 1.309747505187988281e+02
2.560883331298828125e+02 4.330893707275390625e+02 1.310720634460449219e+02
2.541700172424316406e+02 4.322330856323242188e+02 1.332745933532714844e+02
2.539020156860351562e+02 4.319398498535156250e+02 1.337266921997070312e+02
2.530775833129882812e+02 4.320408630371093750e+02 1.342355537414550781e+02
2.535033607482910156e+02 4.325027465820312500e+02 1.335029888153076172e+02
2.529999923706054688e+02 4.326828384399414062e+02 1.336872482299804688e+02
2.519990921020507812e+02 4.330084609985351562e+02 1.340116977691650391e+02
2.529999923706054688e+02 4.331828308105468750e+02 1.332029914855957031e+02
2.523293113708496094e+02 4.334077072143554688e+02 1.334124183654785156e+02
2.529999923706054688e+02 4.336955261230468750e+02 1.327029895782470703e+02
2.519806671142578125e+02 4.340005874633789062e+02 1.329973602294921875e+02
2.522986984252929688e+02 4.344033432006835938e+02 1.324033164978027344e+02
2.516626358032226562e+02 4.335978698730468750e+02 1.336100578308105469e+02
2.516320419311523438e+02 4.345707702636718750e+02 1.325823020935058594e+02
2.509999847412109375e+02 4.342526245117187500e+02 1.332371425628662109e+02
2.500000000000000000e+02 4.344165802001953125e+02 1.334119129180908203e+02
2.509999847412109375e+02 4.337526321411132812e+02 1.337757873535156250e+02
2.509999847412109375e+02 4.347055435180664062e+02 1.327371406555175781e+02
2.500000000000000000e+02 4.348603820800781250e+02 1.329119110107421875e+02
2.509999847412109375e+02 4.352055358886718750e+02 1.321689605712890625e+02
2.500000000000000000e+02 4.353603744506835938e+02 1.323428058624267578e+02
2.509999847412109375e+02 4.356441879272460938e+02 1.316689682006835938e+02
2.519341278076171875e+02 4.349805831909179688e+02 1.319708347320556641e+02
2.522362327575683594e+02 4.353903961181640625e+02 1.313859272003173828e+02
2.515695762634277344e+02 4.355329132080078125e+02 1.315383529663085938e+02
2.529999923706054688e+02 4.346969223022460938e+02 1.317065811157226562e+02
2.529999923706054688e+02 4.351969146728515625e+02 1.311984634399414062e+02
2.529999923706054688e+02 4.356933975219726562e+02 1.306984615325927734e+02
2.529999923706054688e+02 4.361933898925781250e+02 1.301811790466308594e+02
2.535773658752441406e+02 4.355471420288085938e+02 1.305453491210937500e+02
2.519417381286621094e+02 4.358446502685546875e+02 1.310315608978271484e+02
2.519999885559082031e+02 4.364061355590820312e+02 1.303970718383789062e+02
2.510951614379882812e+02 4.362138366699218750e+02 1.309788036346435547e+02
2.500000000000000000e+02 4.362919616699218750e+02 1.312574577331542969e+02
2.489999961853027344e+02 4.363740921020507812e+02 1.313519859313964844e+02
2.500000000000000000e+02 4.357919692993164062e+02 1.318428134918212891e+02
2.489999961853027344e+02 4.358740997314453125e+02 1.319365501403808594e+02
2.479654502868652344e+02 4.358431243896484375e+02 1.320871543884277344e+02
2.489999961853027344e+02 4.354435348510742188e+02 1.324365425109863281e+02
2.482757568359375000e+02 4.354808044433593750e+02 1.324785804748535156e+02
2.490239143371582031e+02 4.348752212524414062e+02 1.330891990661621094e+02
2.487065124511718750e+02 4.345340347290039062e+02 1.335435485839843750e+02
2.479654502868652344e+02 4.351546859741210938e+02 1.329089832305908203e+02
2.493731880187988281e+02 4.344830703735351562e+02 1.334819984436035156e+02
2.490239143371582031e+02 4.341561126708984375e+02 1.339261341094970703e+02
2.489999961853027344e+02 4.335828018188476562e+02 1.346383953094482422e+02
2.499320411682128906e+02 4.338442611694335938e+02 1.340545940399169922e+02
2.479999923706054688e+02 4.341773605346679688e+02 1.341076183319091797e+02
2.469999885559082031e+02 4.342438507080078125e+02 1.341728496551513672e+02
2.479999923706054688e+02 4.336773681640625000e+02 1.348243999481201172e+02
2.479999923706054688e+02 4.345827865600585938e+02 1.336076164245605469e+02
2.469999885559082031e+02 4.346282958984375000e+02 1.336728477478027344e+02
2.469999885559082031e+02 4.351282882690429688e+02 1.330300045013427734e+02
2.459999847412109375e+02 4.346566772460937500e+02 1.337351512908935547e+02
2.450000000000000000e+02 4.346984481811523438e+02 1.338648414611816406e+02
2.459999847412109375e+02 4.343141555786132812e+02 1.342351531982421875e+02
2.459999847412109375e+02 4.351567077636718750e+02 1.330433750152587891e+02
2.450000000000000000e+02 4.351984405517578125e+02 1.330621814727783203e+02
2.459999847412109375e+02 4.355327987670898438e+02 1.325433731079101562e+02
2.459999847412109375e+02 4.359790420532226562e+02 1.319999980926513672e+02
2.469999885559082031e+02 4.355233383178710938e+02 1.325300025939941406e+02
2.450000000000000000e+02 4.355435943603515625e+02 1.325621795654296875e+02
2.439999961853027344e+02 4.355520248413085938e+02 1.325869846343994141e+02
2.450000000000000000e+02 4.359818267822265625e+02 1.319999980926513672e+02
2.439999961853027344e+02 4.359696960449218750e+02 1.319999980926513672e+02
2.450000000000000000e+02 4.364382553100585938e+02 1.314210128784179688e+02
2.439999961853027344e+02 4.364176940917968750e+02 1.313870811462402344e+02
2.459999847412109375e+02 4.364462280273437500e+02 1.314342880249023438e+02
2.469999885559082031e+02 4.364424133300781250e+02 1.314310073852539062e+02
2.469999885559082031e+02 4.359657287597656250e+02 1.319999980926513672e+02
2.479999923706054688e+02 4.364201354980468750e+02 1.314054679870605469e+02
2.429999923706054688e+02 4.363951110839843750e+02 1.313422679901123047e+02
2.429999923706054688e+02 4.359765243530273438e+02 1.319999980926513672e+02
2.419999885559082031e+02 4.364102554321289062e+02 1.313458919525146484e+02
2.413680648803710938e+02 4.364559173583984375e+02 1.314138603210449219e+02
2.419999885559082031e+02 4.361338043212890625e+02 1.319999980926513672e+02
2.413169097900390625e+02 4.363857269287109375e+02 1.319999980926513672e+02
2.420523643493652344e+02 4.359823608398437500e+02 1.330168533325195312e+02
2.424510574340820312e+02 4.354724121093750000e+02 1.333965873718261719e+02
2.413878250122070312e+02 4.363917541503906250e+02 1.326371192932128906e+02
2.423285484313964844e+02 4.359999847412109375e+02 1.336633682250976562e+02
2.419922065734863281e+02 4.370535278320312500e+02 1.331801509857177734e+02
2.429999923706054688e+02 4.355814361572265625e+02 1.327218437194824219e+02
2.429999923706054688e+02 4.353809738159179688e+02 1.332218456268310547e+02
2.429960441589355469e+02 4.353070831298828125e+02 1.339455223083496094e+02
2.439999961853027344e+02 4.352644348144531250e+02 1.330869865417480469e+02
2.440721702575683594e+02 4.348138809204101562e+02 1.340820693969726562e+02
2.440721702575683594e+02 4.350023269653320312e+02 1.348136615753173828e+02
2.444536209106445312e+02 4.344852066040039062e+02 1.344701099395751953e+02
2.444536209106445312e+02 4.344852066040039062e+02 1.345749568939208984e+02
2.450000000000000000e+02 4.344174957275390625e+02 1.343648433685302734e+02
2.449833869934082031e+02 4.343697357177734375e+02 1.349449729919433594e+02
2.446142959594726562e+02 4.350000000000000000e+02 1.353006553649902344e+02
2.453056335449218750e+02 4.343928909301757812e+02 1.356010246276855469e+02
2.459999847412109375e+02 4.340419769287109375e+02 1.350000000000000000e+02
2.459999847412109375e+02 4.342278289794921875e+02 1.357533359527587891e+02
2.470246124267578125e+02 4.337416076660156250e+02 1.350658226013183594e+02
2.473743629455566406e+02 4.334683609008789062e+02 1.354430389404296875e+02
2.470246124267578125e+02 4.339465332031250000e+02 1.358995819091796875e+02
2.473743629455566406e+02 4.334683609008789062e+02 1.356119060516357422e+02
2.469999885559082031e+02 4.350000000000000000e+02 1.361867713928222656e+02
2.478735923767089844e+02 4.339999771118164062e+02 1.363219070434570312e+02
2.480110740661621094e+02 4.349096298217773438e+02 1.363129138946533203e+02
2.483735847473144531e+02 4.339999771118164062e+02 1.365089511871337891e+02
2.480877876281738281e+02 4.334085845947265625e+02 1.359671401977539062e+02
2.479999923706054688e+02 4.333913421630859375e+02 1.353244018554687500e+02
2.484796524047851562e+02 4.334924697875976562e+02 1.365046024322509766e+02
2.489999961853027344e+02 4.331400680541992188e+02 1.360000038146972656e+02
2.489999961853027344e+02 4.332495880126953125e+02 1.351383972167968750e+02
2.499060440063476562e+02 4.327305984497070312e+02 1.360000038146972656e+02
2.489999961853027344e+02 4.333904647827148438e+02 1.365440177917480469e+02
2.490181541442871094e+02 4.340779495239257812e+02 1.365396022796630859e+02
2.500766563415527344e+02 4.330168533325195312e+02 1.365749645233154297e+02
2.504611015319824219e+02 4.324854660034179688e+02 1.365137958526611328e+02
2.500000000000000000e+02 4.338401412963867188e+02 1.365833568572998047e+02
2.509999847412109375e+02 4.329999923706054688e+02 1.366226863861083984e+02
2.509999847412109375e+02 4.336597824096679688e+02 1.365624809265136719e+02
2.509999847412109375e+02 4.341597747802734375e+02 1.363378429412841797e+02
2.516613578796386719e+02 4.335560989379882812e+02 1.365262603759765625e+02
2.519968032836914062e+02 4.339336776733398438e+02 1.362578392028808594e+02
2.523280334472656250e+02 4.333958435058593750e+02 1.364629173278808594e+02
2.519021415710449219e+02 4.350033187866210938e+02 1.356807041168212891e+02
2.529999923706054688e+02 4.339999771118164062e+02 1.359622192382812500e+02
2.529999923706054688e+02 4.346435928344726562e+02 1.355923652648925781e+02
2.535336303710937500e+02 4.345192337036132812e+02 1.355133056640625000e+02
2.529999923706054688e+02 4.351435852050781250e+02 1.352414131164550781e+02
2.521702575683593750e+02 4.353388977050781250e+02 1.353875064849853516e+02
2.529999923706054688e+02 4.358326339721679688e+02 1.347414112091064453e+02
2.539709663391113281e+02 4.349800491333007812e+02 1.349811553955078125e+02
2.537416458129882812e+02 4.356315612792968750e+02 1.346010398864746094e+02
2.550000000000000000e+02 4.347393417358398438e+02 1.346723270416259766e+02
2.542002868652343750e+02 4.342979431152343750e+02 1.353612804412841797e+02
2.544083213806152344e+02 4.354409027099609375e+02 1.344521999359130859e+02
2.541183280944824219e+02 4.360641479492187500e+02 1.340581989288330078e+02
2.550000000000000000e+02 4.352393341064453125e+02 1.342770481109619141e+02
2.550000000000000000e+02 4.358152770996093750e+02 1.337770462036132812e+02
2.559287834167480469e+02 4.349450302124023438e+02 1.339539337158203125e+02
2.555617141723632812e+02 4.345449066162109375e+02 1.345351600646972656e+02
2.556291961669921875e+02 4.355903244018554688e+02 1.335838699340820312e+02
2.567350196838378906e+02 4.346784973144531250e+02 1.336573410034179688e+02
2.562283706665039062e+02 4.342895126342773438e+02 1.343240070343017578e+02
2.562958526611328125e+02 4.353451919555664062e+02 1.333454322814941406e+02
2.559545516967773438e+02 4.359627914428710938e+02 1.329651641845703125e+02
2.570631790161132812e+02 4.350463485717773438e+02 1.330510234832763672e+02
2.573913192749023438e+02 4.354141616821289062e+02 1.323888587951660156e+02
2.567246437072753906e+02 4.356685638427734375e+02 1.326787662506103516e+02
2.578039550781250000e+02 4.347474670410156250e+02 1.327566051483154297e+02
2.574016952514648438e+02 4.344216156005859375e+02 1.334232711791992188e+02
2.570289802551269531e+02 4.340222167968750000e+02 1.340199851989746094e+02
2.581366157531738281e+02 4.341151809692382812e+02 1.331157588958740234e+02
2.584706115722656250e+02 4.344754028320312500e+02 1.324687671661376953e+02
2.578026199340820312e+02 4.337549591064453125e+02 1.337159538269042969e+02
2.580835151672363281e+02 4.330764770507812500e+02 1.340617465972900391e+02
2.573229598999023438e+02 4.333468246459960938e+02 1.343826198577880859e+02
2.576977157592773438e+02 4.326801300048828125e+02 1.346189022064208984e+02
2.580186271667480469e+02 4.320217132568359375e+02 1.348394680023193359e+02
2.569937705993652344e+02 4.330080795288085938e+02 1.348119926452636719e+02
2.570890235900878906e+02 4.320765304565429688e+02 1.353515148162841797e+02
2.566562843322753906e+02 4.336228561401367188e+02 1.345909118652343750e+02
2.560735893249511719e+02 4.330394363403320312e+02 1.353013038635253906e+02
2.564559745788574219e+02 4.324608993530273438e+02 1.354768466949462891e+02
2.559370231628417969e+02 4.339736938476562500e+02 1.347362899780273438e+02
2.550193977355957031e+02 4.339787673950195312e+02 1.351985073089599609e+02
2.568150520324707031e+02 4.317942428588867188e+02 1.356452083587646484e+02
2.574817085266113281e+02 4.314813995361328125e+02 1.354901123046875000e+02
2.580724716186523438e+02 4.310888290405273438e+02 1.353527355194091797e+02
2.577874374389648438e+02 4.308147430419921875e+02 1.356421089172363281e+02
2.590128707885742188e+02 4.310003662109375000e+02 1.348150444030761719e+02
2.584541130065917969e+02 4.304463577270507812e+02 1.354743385314941406e+02
2.590227699279785156e+02 4.300678253173828125e+02 1.352936649322509766e+02
2.587046241760253906e+02 4.297797012329101562e+02 1.356151199340820312e+02
2.599785804748535156e+02 4.299345779418945312e+02 1.347267055511474609e+02
2.593712806701660156e+02 4.293265151977539062e+02 1.354211521148681641e+02
2.599604606628417969e+02 4.289959335327148438e+02 1.351778602600097656e+02
2.603235626220703125e+02 4.279999923706054688e+02 1.353832149505615234e+02
2.596007728576660156e+02 4.286598587036132812e+02 1.355650043487548828e+02
2.607017707824707031e+02 4.289999771118164062e+02 1.346564579010009766e+02
2.610397720336914062e+02 4.280040359497070312e+02 1.348541164398193359e+02
2.580877113342285156e+02 4.350708007812500000e+02 1.320954799652099609e+02
2.583714866638183594e+02 4.353941345214843750e+02 1.313394737243652344e+02
2.577048110961914062e+02 4.356648254394531250e+02 1.317221927642822266e+02
2.587899208068847656e+02 4.347274398803710938e+02 1.318021011352539062e+02
2.590497016906738281e+02 4.350413513183593750e+02 1.310619640350341797e+02
2.594565963745117188e+02 4.344654464721679688e+02 1.314511203765869141e+02
2.586428260803222656e+02 4.356078338623046875e+02 1.306728076934814453e+02
2.579654121398925781e+02 4.359696578979492188e+02 1.309581279754638672e+02
2.572950935363769531e+02 4.363315200805664062e+02 1.312434577941894531e+02
2.582400703430175781e+02 4.362883758544921875e+02 1.300000000000000000e+02
2.575593376159667969e+02 4.365466690063476562e+02 1.305767917633056641e+02
2.577400779724121094e+02 4.366759109497070312e+02 1.300000000000000000e+02
2.569770431518554688e+02 4.367693328857421875e+02 1.309460735321044922e+02
2.562368965148925781e+02 4.373016357421875000e+02 1.310000038146972656e+02
2.569898223876953125e+02 4.372247314453125000e+02 1.300637912750244141e+02
2.566284179687500000e+02 4.365955352783203125e+02 1.316293144226074219e+02
2.558979225158691406e+02 4.369190597534179688e+02 1.319052314758300781e+02
2.570098686218261719e+02 4.360000228881835938e+02 1.320090866088867188e+02
2.562799072265625000e+02 4.363352203369140625e+02 1.322959804534912109e+02
2.556132316589355469e+02 4.365758895874023438e+02 1.325848960876464844e+02
2.555159378051757812e+02 4.375109863281250000e+02 1.315144824981689453e+02
2.550000000000000000e+02 4.372835922241210938e+02 1.322322273254394531e+02
2.544516372680664062e+02 4.374689102172851562e+02 1.324618244171142578e+02
2.550000000000000000e+02 4.367835998535156250e+02 1.328112888336181641e+02
2.550000000000000000e+02 4.376719284057617188e+02 1.317322254180908203e+02
2.549925422668457031e+02 4.381602859497070312e+02 1.309931945800781250e+02
2.540508079528808594e+02 4.380171203613281250e+02 1.320333576202392578e+02
2.529999923706054688e+02 4.383550262451171875e+02 1.323203945159912109e+02
2.543166351318359375e+02 4.383849334716796875e+02 1.313219833374023438e+02
2.537849807739257812e+02 4.376493453979492188e+02 1.326692199707031250e+02
2.536499786376953125e+02 4.385781860351562500e+02 1.316048908233642578e+02
2.539899826049804688e+02 4.387730407714843750e+02 1.309931945800781250e+02
2.529999923706054688e+02 4.387382125854492188e+02 1.318203926086425781e+02
2.520455932617187500e+02 4.390077209472656250e+02 1.320209789276123047e+02
2.530498695373535156e+02 4.392615890502929688e+02 1.310135650634765625e+02
2.522786903381347656e+02 4.394060516357421875e+02 1.313559436798095703e+02
2.534164619445800781e+02 4.394517135620117188e+02 1.304060745239257812e+02
2.527497863769531250e+02 4.396120834350585938e+02 1.306892776489257812e+02
2.530498695373535156e+02 4.398004531860351562e+02 1.300436496734619141e+02
2.519672012329101562e+02 4.397312164306640625e+02 1.310135650634765625e+02
2.509115409851074219e+02 4.401405334472656250e+02 1.309048748016357422e+02
2.520282173156738281e+02 4.402761840820312500e+02 1.299883747100830078e+02
2.516120147705078125e+02 4.395386886596679688e+02 1.315529918670654297e+02
2.509999847412109375e+02 4.396247482299804688e+02 1.316727828979492188e+02
2.509999847412109375e+02 4.392388153076171875e+02 1.321727848052978516e+02
2.500000000000000000e+02 4.397420501708984375e+02 1.318448734283447266e+02
2.500000000000000000e+02 4.402420425415039062e+02 1.310884189605712891e+02
2.489731597900390625e+02 4.397723007202148438e+02 1.320694732666015625e+02
2.500000000000000000e+02 4.393770217895507812e+02 1.323448753356933594e+02
2.499331283569335938e+02 4.388094711303710938e+02 1.330476665496826172e+02
2.492885971069335938e+02 4.394603347778320312e+02 1.324491119384765625e+02
2.489731597900390625e+02 4.391252899169921875e+02 1.329135322570800781e+02
2.489999961853027344e+02 4.385613632202148438e+02 1.335647964477539062e+02
2.486219215393066406e+02 4.395175552368164062e+02 1.325225448608398438e+02
2.479999923706054688e+02 4.391237258911132812e+02 1.330560302734375000e+02
2.469999885559082031e+02 4.391392517089843750e+02 1.330731868743896484e+02
2.479999923706054688e+02 4.386237335205078125e+02 1.336314296722412109e+02
2.479999923706054688e+02 4.395433425903320312e+02 1.325560283660888672e+02
2.469999885559082031e+02 4.395565795898437500e+02 1.325731945037841797e+02
2.479999923706054688e+02 4.399222183227539062e+02 1.319999980926513672e+02
2.469999885559082031e+02 4.399470138549804688e+02 1.319999980926513672e+02
2.479999923706054688e+02 4.403788757324218750e+02 1.312962818145751953e+02
2.469999885559082031e+02 4.403904342651367188e+02 1.313099670410156250e+02
2.479999923706054688e+02 4.406562423706054688e+02 1.307962799072265625e+02
2.489999961853027344e+02 4.403272247314453125e+02 1.312186241149902344e+02
2.489999961853027344e+02 4.406207275390625000e+02 1.307186222076416016e+02
2.489999961853027344e+02 4.409567642211914062e+02 1.300000000000000000e+02
2.500000000000000000e+02 4.405496215820312500e+02 1.305884170532226562e+02
2.500000000000000000e+02 4.408097457885742188e+02 1.300000000000000000e+02
2.505192375183105469e+02 4.405047225952148438e+02 1.305081272125244141e+02
2.509115409851074219e+02 4.406300735473632812e+02 1.299883747100830078e+02
2.509999847412109375e+02 4.410225677490234375e+02 1.290000057220458984e+02
2.517136955261230469e+02 4.405686950683593750e+02 1.296472835540771484e+02
2.511858940124511719e+02 4.404011917114257812e+02 1.303139495849609375e+02
2.520282173156738281e+02 4.407048416137695312e+02 1.290260982513427734e+02
2.519999885559082031e+02 4.409646987915039062e+02 1.280000019073486328e+02
2.523803710937500000e+02 4.404470062255859375e+02 1.293768215179443359e+02
2.526681900024414062e+02 4.405757522583007812e+02 1.287101554870605469e+02
2.530009078979492188e+02 4.402682113647460938e+02 1.290260982513427734e+02
2.527872085571289062e+02 4.406341552734375000e+02 1.280000019073486328e+02
2.532872009277343750e+02 4.403319549560546875e+02 1.280000019073486328e+02
2.527147293090820312e+02 4.406031036376953125e+02 1.273113727569580078e+02
2.519999885559082031e+02 4.407601928710937500e+02 1.271345138549804688e+02
2.530288314819335938e+02 4.400305175781250000e+02 1.272212028503417969e+02
2.519999885559082031e+02 4.400000000000000000e+02 1.269193458557128906e+02
2.529999923706054688e+02 4.392211914062500000e+02 1.272929763793945312e+02
2.538176727294921875e+02 4.397175216674804688e+02 1.273786163330078125e+02
2.538176727294921875e+02 4.392906951904296875e+02 1.273786163330078125e+02
2.540905952453613281e+02 4.397822570800781250e+02 1.279262065887451172e+02
2.540905952453613281e+02 4.389744186401367188e+02 1.275817489624023438e+02
2.545452117919921875e+02 4.395278167724609375e+02 1.282103443145751953e+02
2.540208435058593750e+02 4.397167205810546875e+02 1.289511394500732422e+02
2.543680763244628906e+02 4.394062042236328125e+02 1.292518901824951172e+02
2.537014198303222656e+02 4.396083068847656250e+02 1.297394084930419922e+02
2.545452117919921875e+02 4.395278167724609375e+02 1.285852241516113281e+02
2.549271202087402344e+02 4.391279220581054688e+02 1.289511394500732422e+02
2.549925422668457031e+02 4.387194442749023438e+02 1.299460411071777344e+02
2.556534576416015625e+02 4.386052322387695312e+02 1.290000057220458984e+02
2.549271202087402344e+02 4.389635848999023438e+02 1.279872322082519531e+02
2.550000000000000000e+02 4.379999923706054688e+02 1.279012203216552734e+02
2.556541442871093750e+02 4.386059951782226562e+02 1.282438755035400391e+02
2.559924888610839844e+02 4.379990386962890625e+02 1.281272315979003906e+02
2.559503936767578125e+02 4.369414138793945312e+02 1.282125854492187500e+02
2.561534500122070312e+02 4.382046127319335938e+02 1.290000057220458984e+02
2.567426681518554688e+02 4.376650238037109375e+02 1.283018493652343750e+02
2.567942619323730469e+02 4.377046203613281250e+02 1.290000057220458984e+02
2.572942733764648438e+02 4.373384094238281250e+02 1.290000057220458984e+02
2.566496849060058594e+02 4.376077651977539062e+02 1.297729873657226562e+02
2.560085296630859375e+02 4.379895019531250000e+02 1.300081920623779297e+02
2.557368850708007812e+02 4.376616668701171875e+02 1.310000038146972656e+02
2.555504608154296875e+02 4.385343551635742188e+02 1.295767307281494141e+02
2.553209114074707031e+02 4.383712387084960938e+02 1.302433967590332031e+02
2.564665794372558594e+02 4.374733352661132812e+02 1.304396533966064453e+02
2.580564498901367188e+02 4.367957687377929688e+02 1.289924812316894531e+02
2.550000000000000000e+02 4.372469711303710938e+02 1.283249378204345703e+02
2.539768791198730469e+02 4.379339981079101562e+02 1.281157016754150391e+02
2.529999923706054688e+02 4.381704330444335938e+02 1.281584262847900391e+02
2.519999885559082031e+02 4.383166503906250000e+02 1.282787513732910156e+02
2.529999923706054688e+02 4.387211990356445312e+02 1.276584243774414062e+02
2.519999885559082031e+02 4.387964630126953125e+02 1.277787494659423828e+02
2.519999885559082031e+02 4.392964553833007812e+02 1.272848320007324219e+02
2.509999847412109375e+02 4.388792800903320312e+02 1.279155540466308594e+02
2.500725173950195312e+02 4.388855743408203125e+02 1.280953502655029297e+02
2.509999847412109375e+02 4.384344100952148438e+02 1.284155559539794922e+02
2.509999847412109375e+02 4.393793106079101562e+02 1.273453521728515625e+02
2.500000000000000000e+02 4.394429779052734375e+02 1.274175071716308594e+02
2.509999847412109375e+02 4.400000000000000000e+02 1.269012641906738281e+02
2.500000000000000000e+02 4.400000000000000000e+02 1.269945144653320312e+02
2.509354019165039062e+02 4.410462570190429688e+02 1.271110153198242188e+02
2.500000000000000000e+02 4.409999847412109375e+02 1.269071674346923828e+02
2.505590248107910156e+02 4.415109634399414062e+02 1.274437999725341797e+02
2.509354019165039062e+02 4.413370895385742188e+02 1.279468917846679688e+02
2.502998352050781250e+02 4.414543914794921875e+02 1.282448196411132812e+02
2.505590248107910156e+02 4.415109634399414062e+02 1.275781440734863281e+02
2.499798965454101562e+02 4.415466690063476562e+02 1.279468917846679688e+02
2.489999961853027344e+02 4.416425323486328125e+02 1.280000019073486328e+02
2.500000000000000000e+02 4.415439224243164062e+02 1.273301601409912109e+02
2.496331787109375000e+02 4.415192413330078125e+02 1.285501575469970703e+02
2.489999961853027344e+02 4.415517807006835938e+02 1.286410903930664062e+02
2.499798965454101562e+02 4.412807083129882812e+02 1.289300918579101562e+02
2.489999961853027344e+02 4.413360214233398438e+02 1.291410923004150391e+02
2.479999923706054688e+02 4.413684844970703125e+02 1.292050075531005859e+02
2.479999923706054688e+02 4.410247039794921875e+02 1.300000000000000000e+02
2.479999923706054688e+02 4.415722656250000000e+02 1.287050056457519531e+02
2.469999885559082031e+02 4.413566970825195312e+02 1.291607093811035156e+02
2.459983825683593750e+02 4.413182449340820312e+02 1.289473438262939453e+02
2.469999885559082031e+02 4.410129547119140625e+02 1.300000000000000000e+02
2.469999885559082031e+02 4.415538787841796875e+02 1.286607074737548828e+02
2.463306617736816406e+02 4.415252685546875000e+02 1.285789012908935547e+02
2.469999885559082031e+02 4.416329574584960938e+02 1.280000019073486328e+02
2.462103271484375000e+02 4.415475463867187500e+02 1.280000019073486328e+02
2.469999885559082031e+02 4.415790939331054688e+02 1.272528457641601562e+02
2.479999923706054688e+02 4.416778182983398438e+02 1.280000019073486328e+02
2.479999923706054688e+02 4.416055679321289062e+02 1.271755409240722656e+02
2.479999923706054688e+02 4.409999847412109375e+02 1.267835998535156250e+02
2.489999961853027344e+02 4.415907669067382812e+02 1.272046089172363281e+02
2.489999961853027344e+02 4.409999847412109375e+02 1.268043518066406250e+02
2.489999961853027344e+02 4.400000000000000000e+02 1.270604133605957031e+02
2.479999923706054688e+02 4.400000000000000000e+02 1.270871734619140625e+02
2.489999961853027344e+02 4.394741439819335938e+02 1.274606704711914062e+02
2.489999961853027344e+02 4.390753173828125000e+02 1.280000019073486328e+02
2.479999923706054688e+02 4.394868087768554688e+02 1.274791145324707031e+02
2.469999885559082031e+02 4.394866943359375000e+02 1.274791336059570312e+02
2.479999923706054688e+02 4.391184616088867188e+02 1.280000019073486328e+02
2.469999885559082031e+02 4.391190338134765625e+02 1.280000019073486328e+02
2.479999923706054688e+02 4.386316680908203125e+02 1.286623764038085938e+02
2.489999961853027344e+02 4.386011505126953125e+02 1.286215114593505859e+02
2.469999885559082031e+02 4.386323547363281250e+02 1.286625766754150391e+02
2.479999923706054688e+02 4.382808303833007812e+02 1.291623783111572266e+02
2.469999885559082031e+02 4.382898330688476562e+02 1.291625690460205078e+02
2.489999961853027344e+02 4.382435226440429688e+02 1.291215133666992188e+02
2.500725173950195312e+02 4.382320404052734375e+02 1.289362049102783203e+02
2.504541969299316406e+02 4.384942626953125000e+02 1.284922409057617188e+02
2.497875404357910156e+02 4.385519409179687500e+02 1.285603427886962891e+02
2.459999847412109375e+02 4.382755661010742188e+02 1.291275215148925781e+02
2.459999847412109375e+02 4.386080169677734375e+02 1.286275196075439453e+02
2.450000000000000000e+02 4.382371520996093750e+02 1.290572643280029297e+02
2.440715980529785156e+02 4.382235336303710938e+02 1.289049530029296875e+02
2.450000000000000000e+02 4.385513305664062500e+02 1.285572624206542969e+02
2.450000000000000000e+02 4.390112304687500000e+02 1.280000019073486328e+02
2.444526672363281250e+02 4.385082626342773438e+02 1.285082530975341797e+02
2.440715980529785156e+02 4.388597106933593750e+02 1.280727386474609375e+02
2.437859916687011719e+02 4.384731674194335938e+02 1.284545707702636719e+02
2.439999961853027344e+02 4.394434738159179688e+02 1.274355030059814453e+02
2.430009078979492188e+02 4.390760040283203125e+02 1.278858470916748047e+02
2.433348464965820312e+02 4.394599914550781250e+02 1.274594688415527344e+02
2.428562927246093750e+02 4.400232315063476562e+02 1.279436588287353516e+02
2.433192253112792969e+02 4.405798721313476562e+02 1.280000019073486328e+02
2.428351402282714844e+02 4.402848052978515625e+02 1.290000057220458984e+02
2.422582054138183594e+02 4.397053909301757812e+02 1.282394218444824219e+02
2.433278656005859375e+02 4.400000000000000000e+02 1.274348068237304688e+02
2.439999961853027344e+02 4.400000000000000000e+02 1.272840213775634766e+02
2.434356307983398438e+02 4.405326461791992188e+02 1.274536037445068359e+02
2.439999961853027344e+02 4.406370925903320312e+02 1.273485279083251953e+02
2.439999961853027344e+02 4.408318328857421875e+02 1.280000019073486328e+02
2.450000000000000000e+02 4.408251953125000000e+02 1.272311115264892578e+02
2.450000000000000000e+02 4.411826324462890625e+02 1.280000019073486328e+02
2.459698677062988281e+02 4.410700607299804688e+02 1.271613693237304688e+02
2.450000000000000000e+02 4.400000000000000000e+02 1.271774387359619141e+02
2.450000000000000000e+02 4.394598770141601562e+02 1.274463272094726562e+02
2.459999847412109375e+02 4.400000000000000000e+02 1.271352481842041016e+02
2.459999847412109375e+02 4.394784545898437500e+02 1.274681472778320312e+02
2.469999885559082031e+02 4.400000000000000000e+02 1.271038532257080078e+02
2.469999885559082031e+02 4.409999847412109375e+02 1.268775653839111328e+02
2.459999847412109375e+02 4.390864944458007812e+02 1.280000019073486328e+02
2.457103347778320312e+02 4.414307022094726562e+02 1.280000019073486328e+02
2.462831115722656250e+02 4.415380859375000000e+02 1.273794746398925781e+02
2.450000000000000000e+02 4.410686874389648438e+02 1.290000057220458984e+02
2.439999961853027344e+02 4.407847595214843750e+02 1.290000057220458984e+02
2.449324035644531250e+02 4.407027053833007812e+02 1.300785350799560547e+02
2.452206993103027344e+02 4.405562210083007812e+02 1.306133651733398438e+02
2.459999847412109375e+02 4.409214782714843750e+02 1.300000000000000000e+02
2.439999961853027344e+02 4.405900192260742188e+02 1.297550010681152344e+02
2.445540237426757812e+02 4.404839324951171875e+02 1.304642200469970703e+02
2.439999961853027344e+02 4.403880691528320312e+02 1.302550029754638672e+02
2.449324035644531250e+02 4.402954483032226562e+02 1.309680175781250000e+02
2.439999961853027344e+02 4.400177764892578125e+02 1.310000038146972656e+02
2.450000000000000000e+02 4.397563552856445312e+02 1.319025993347167969e+02
2.459999847412109375e+02 4.403488159179687500e+02 1.312350082397460938e+02
2.459080505371093750e+02 4.398001480102539062e+02 1.320983409881591797e+02
2.459999847412109375e+02 4.406167602539062500e+02 1.307350063323974609e+02
2.469999885559082031e+02 4.406562423706054688e+02 1.308099651336669922e+02
2.461800765991210938e+02 4.395351791381835938e+02 1.325454330444335938e+02
2.455134010314941406e+02 4.394979858398437500e+02 1.324972343444824219e+02
2.450000000000000000e+02 4.394274520874023438e+02 1.324026012420654297e+02
2.459080505371093750e+02 4.391805648803710938e+02 1.329272556304931641e+02
2.449877929687500000e+02 4.388700866699218750e+02 1.330690956115722656e+02
2.459999847412109375e+02 4.386022186279296875e+02 1.336087894439697266e+02
2.459999847412109375e+02 4.380955886840820312e+02 1.341087913513183594e+02
2.453130149841308594e+02 4.385469055175781250e+02 1.335495853424072266e+02
2.469999885559082031e+02 4.386392593383789062e+02 1.336485767364501953e+02
2.469999885559082031e+02 4.381398391723632812e+02 1.341485786437988281e+02
2.469999885559082031e+02 4.376398468017578125e+02 1.346258735656738281e+02
2.479999923706054688e+02 4.381214523315429688e+02 1.341314315795898438e+02
2.479999923706054688e+02 4.376214218139648438e+02 1.346105957031250000e+02
2.489999961853027344e+02 4.380521011352539062e+02 1.340647983551025391e+02
2.489999961853027344e+02 4.375521087646484375e+02 1.345478439331054688e+02
2.498685455322265625e+02 4.379596328735351562e+02 1.339601039886474609e+02
2.502219009399414062e+02 4.384153747558593750e+02 1.334127807617187500e+02
2.495151901245117188e+02 4.375039291381835938e+02 1.345036029815673828e+02
2.495552253723144531e+02 4.385131072998046875e+02 1.335137844085693359e+02
2.509999847412109375e+02 4.377882003784179688e+02 1.337790966033935547e+02
2.501818466186523438e+02 4.373929977416992188e+02 1.344064235687255859e+02
2.499091148376464844e+02 4.370357894897460938e+02 1.347706127166748047e+02
2.509999847412109375e+02 4.372513580322265625e+02 1.342790985107421875e+02
2.509999847412109375e+02 4.367513656616210938e+02 1.347054386138916016e+02
2.520751190185546875e+02 4.369652938842773438e+02 1.341781997680664062e+02
2.517918777465820312e+02 4.366088104248046875e+02 1.345914554595947266e+02
2.519999885559082031e+02 4.376125717163085938e+02 1.336101818084716797e+02
2.529191398620605469e+02 4.370038223266601562e+02 1.337973022460937500e+02
2.524585533142089844e+02 4.364786148071289062e+02 1.344834232330322266e+02
2.519810676574707031e+02 4.359900283813476562e+02 1.349894809722900391e+02
2.529999923706054688e+02 4.363326263427734375e+02 1.343607234954833984e+02
2.509999847412109375e+02 4.360866928100585938e+02 1.352054309844970703e+02
2.515035820007324219e+02 4.355014419555664062e+02 1.355010128021240234e+02
2.509999847412109375e+02 4.355867004394531250e+02 1.355570697784423828e+02
2.509999847412109375e+02 4.350000000000000000e+02 1.358949089050292969e+02
2.500000000000000000e+02 4.357559967041015625e+02 1.356602764129638672e+02
2.500000000000000000e+02 4.362559890747070312e+02 1.353355598449707031e+02
2.489999961853027344e+02 4.359124755859375000e+02 1.357389450073242188e+02
2.500000000000000000e+02 4.350000000000000000e+02 1.360994529724121094e+02
2.490181541442871094e+02 4.349096298217773438e+02 1.362864208221435547e+02
2.500000000000000000e+02 4.343401336669921875e+02 1.364391803741455078e+02
2.493635940551757812e+02 4.344632720947265625e+02 1.364920997619628906e+02
2.486969184875488281e+02 4.345160675048828125e+02 1.365073299407958984e+02
2.483518028259277344e+02 4.345160675048828125e+02 1.365073299407958984e+02
2.480533409118652344e+02 4.360936737060546875e+02 1.357317447662353516e+02
2.489999961853027344e+02 4.364124679565429688e+02 1.354440116882324219e+02
2.484222221374511719e+02 4.364894485473632812e+02 1.354937362670898438e+02
2.489999961853027344e+02 4.370000076293945312e+02 1.349918556213378906e+02
2.480533409118652344e+02 4.369124603271484375e+02 1.351847171783447266e+02
2.469999885559082031e+02 4.370219421386718750e+02 1.351258754730224609e+02
2.477555656433105469e+02 4.365207672119140625e+02 1.355153465270996094e+02
2.469999885559082031e+02 4.365219497680664062e+02 1.355161952972412109e+02
2.469999885559082031e+02 4.359999847412109375e+02 1.357874107360839844e+02
2.464567565917968750e+02 4.365085220336914062e+02 1.355062389373779297e+02
2.460740470886230469e+02 4.360322952270507812e+02 1.356679630279541016e+02
2.460740470886230469e+02 4.369050979614257812e+02 1.351341533660888672e+02
2.457901000976562500e+02 4.363871383666992188e+02 1.354433631896972656e+02
2.450254058837890625e+02 4.370414733886718750e+02 1.347845172882080078e+02
2.459999847412109375e+02 4.375955963134765625e+02 1.345851612091064453e+02
2.453756904602050781e+02 4.375373458862304688e+02 1.345329856872558594e+02
2.450110054016113281e+02 4.379922103881835938e+02 1.339870262145996094e+02
2.447090148925781250e+02 4.374024581909179688e+02 1.344244670867919922e+02
2.439999961853027344e+02 4.378141021728515625e+02 1.337880134582519531e+02
2.446463394165039062e+02 4.384470748901367188e+02 1.334484863281250000e+02
2.439999961853027344e+02 4.383141326904296875e+02 1.333206081390380859e+02
2.428841018676757812e+02 4.380572891235351562e+02 1.330503082275390625e+02
2.439999961853027344e+02 4.387733840942382812e+02 1.328206062316894531e+02
2.439999961853027344e+02 4.392733764648437500e+02 1.321999835968017578e+02
2.432007980346679688e+02 4.386259078979492188e+02 1.326456546783447266e+02
2.429638290405273438e+02 4.390040588378906250e+02 1.320178222656250000e+02
2.433935165405273438e+02 4.395395660400390625e+02 1.315604209899902344e+02
2.419999885559082031e+02 4.386800003051757812e+02 1.317569541931152344e+02
2.425341224670410156e+02 4.384761810302734375e+02 1.324752330780029297e+02
2.427268409729003906e+02 4.393821716308593750e+02 1.313034057617187500e+02
2.420196914672851562e+02 4.391536331176757812e+02 1.309820461273193359e+02
2.430360984802246094e+02 4.396837234497070312e+02 1.309820461273193359e+02
2.430740928649902344e+02 4.401646041870117188e+02 1.299254703521728516e+02
2.423661804199218750e+02 4.395665359497070312e+02 1.306367397308349609e+02
2.421780014038085938e+02 4.396806335449218750e+02 1.300000000000000000e+02
2.420970153808593750e+02 4.397847747802734375e+02 1.290000057220458984e+02
2.416779899597167969e+02 4.393512344360351562e+02 1.300000000000000000e+02
2.434568405151367188e+02 4.405157089233398438e+02 1.295424556732177734e+02
2.433351325988769531e+02 4.405671310424804688e+02 1.290000057220458984e+02
2.413048744201660156e+02 4.386553955078125000e+02 1.310000038146972656e+02
2.414642715454101562e+02 4.385245132446289062e+02 1.315340423583984375e+02
2.412676048278808594e+02 4.379270172119140625e+02 1.319204235076904297e+02
2.414494132995605469e+02 4.375450515747070312e+02 1.325415229797363281e+02
2.419999885559082031e+02 4.382659149169921875e+02 1.322569465637207031e+02
2.410532188415527344e+02 4.370000076293945312e+02 1.319999980926513672e+02
2.413779258728027344e+02 4.370000076293945312e+02 1.326339721679687500e+02
2.419999885559082031e+02 4.377659225463867188e+02 1.327473545074462891e+02
2.439999961853027344e+02 4.396297073364257812e+02 1.316999912261962891e+02
2.432340621948242188e+02 4.376383972167968750e+02 1.336262226104736328e+02
2.425673866271972656e+02 4.374225234985351562e+02 1.334549522399902344e+02
2.429983329772949219e+02 4.369873046875000000e+02 1.339674282073974609e+02
2.434292793273925781e+02 4.365520858764648438e+02 1.345355415344238281e+02
2.439999961853027344e+02 4.372158813476562500e+02 1.342880153656005859e+02
2.423203277587890625e+02 4.367558670043945312e+02 1.336419582366943359e+02
2.428170394897460938e+02 4.359999847412109375e+02 1.341633701324462891e+02
2.433170318603515625e+02 4.359999847412109375e+02 1.346180725097656250e+02
2.439999961853027344e+02 4.359999847412109375e+02 1.349858951568603516e+02
2.433267593383789062e+02 4.353371810913085938e+02 1.346218967437744141e+02
2.439999961853027344e+02 4.367158889770507812e+02 1.346500396728515625e+02
2.449080467224121094e+02 4.360322952270507812e+02 1.353602790832519531e+02
2.451800918579101562e+02 4.357204818725585938e+02 1.356029701232910156e+02
2.451142883300781250e+02 4.350000000000000000e+02 1.356529903411865234e+02
2.459999847412109375e+02 4.350000000000000000e+02 1.359586048126220703e+02
2.525319099426269531e+02 4.375145339965820312e+02 1.335145378112792969e+02
2.538283538818359375e+02 4.366730499267578125e+02 1.336642074584960938e+02
2.531985855102539062e+02 4.373397445678710938e+02 1.333358860015869141e+02
2.529191398620605469e+02 4.377927398681640625e+02 1.330015373229980469e+02
2.541399955749511719e+02 4.370709609985351562e+02 1.330830287933349609e+02
2.544950294494628906e+02 4.364966964721679688e+02 1.334968280792236328e+02
2.550000000000000000e+02 4.363152694702148438e+02 1.333112907409667969e+02
2.520874977111816406e+02 4.381845092773437500e+02 1.329761123657226562e+02
2.524791526794433594e+02 4.384906768798828125e+02 1.324889659881591797e+02
2.509999847412109375e+02 4.382882308959960938e+02 1.332797241210937500e+02
2.518124961853027344e+02 4.386093902587890625e+02 1.326268482208251953e+02
2.509999847412109375e+02 4.387388229370117188e+02 1.327797222137451172e+02
2.546542549133300781e+02 4.385918426513671875e+02 1.306553173065185547e+02
2.540208435058593750e+02 4.392698669433593750e+02 1.300436496734619141e+02
2.504060554504394531e+02 4.324660110473632812e+02 1.360000038146972656e+02
2.504136085510253906e+02 4.324692153930664062e+02 1.354663848876953125e+02
2.509999847412109375e+02 4.322238159179687500e+02 1.360000038146972656e+02
2.509999847412109375e+02 4.323417663574218750e+02 1.353282260894775391e+02
2.520240402221679688e+02 4.320273208618164062e+02 1.350309848785400391e+02
2.509999847412109375e+02 4.327733230590820312e+02 1.348282241821289062e+02
2.509999847412109375e+02 4.332733154296875000e+02 1.342757892608642578e+02
2.516688919067382812e+02 4.326092147827148438e+02 1.346379184722900391e+02
2.499835014343261719e+02 4.330172729492187500e+02 1.349973773956298828e+02
2.502200508117675781e+02 4.334218597412109375e+02 1.344243240356445312e+02
2.495533943176269531e+02 4.335183334350585938e+02 1.345283603668212891e+02
2.523355484008789062e+02 4.324014663696289062e+02 1.344133472442626953e+02
2.424510574340820312e+02 4.354724121093750000e+02 1.335758590698242188e+02
2.476090812683105469e+02 4.355117416381835938e+02 1.325149631500244141e+02
2.542440223693847656e+02 4.353573226928710938e+02 1.303645992279052734e+02
2.578908157348632812e+02 4.338440322875976562e+02 1.288864517211914062e+02
2.586787414550781250e+02 4.329999923706054688e+02 1.286995506286621094e+02
2.592253494262695312e+02 4.330701065063476562e+02 1.280189323425292969e+02
2.585112571716308594e+02 4.335190963745117188e+02 1.285115337371826172e+02
2.587685775756835938e+02 4.339114379882812500e+02 1.279769992828369141e+02
2.593272590637207031e+02 4.339999771118164062e+02 1.273224735260009766e+02
2.582798767089843750e+02 4.341857528686523438e+02 1.282950019836425781e+02
2.586324501037597656e+02 4.347721481323242188e+02 1.276283359527587891e+02
2.589794540405273438e+02 4.350632858276367188e+02 1.272255516052246094e+02
2.584620094299316406e+02 4.354388046264648438e+02 1.274721622467041016e+02
2.599980354309082031e+02 4.350732803344726562e+02 1.267021083831787109e+02
2.598280715942382812e+02 4.339999771118164062e+02 1.268224716186523438e+02
2.600000000000000000e+02 4.356680297851562500e+02 1.271539020538330078e+02
2.605502700805664062e+02 4.355365371704101562e+02 1.272664260864257812e+02
2.605502700805664062e+02 4.355365371704101562e+02 1.276493453979492188e+02
2.600518417358398438e+02 4.330763626098632812e+02 1.270365905761718750e+02
2.594705772399902344e+02 4.334501647949218750e+02 1.274649906158447266e+02
2.604406929016113281e+02 4.333692550659179688e+02 1.264369106292724609e+02
2.596629905700683594e+02 4.327834701538085938e+02 1.276982116699218750e+02
2.605994987487792969e+02 4.327025985717773438e+02 1.266082000732421875e+02
2.603713989257812500e+02 4.320000076293945312e+02 1.273299407958984375e+02
2.604988670349121094e+02 4.314978790283203125e+02 1.274983787536621094e+02
2.598543167114257812e+02 4.319946670532226562e+02 1.280189323425292969e+02
2.607662582397460938e+02 4.320000076293945312e+02 1.268299388885498047e+02
2.610554122924804688e+02 4.310847854614257812e+02 1.270580577850341797e+02
2.612662506103515625e+02 4.320000076293945312e+02 1.262173557281494141e+02
2.614221763610839844e+02 4.313383483886718750e+02 1.263927078247070312e+02
2.618704414367675781e+02 4.310029983520507812e+02 1.260356235504150391e+02
2.623015975952148438e+02 4.300883865356445312e+02 1.260224819183349609e+02
2.615934562683105469e+02 4.306716918945312500e+02 1.266177368164062500e+02
2.617190551757812500e+02 4.299219894409179688e+02 1.269706439971923828e+02
2.613553047180175781e+02 4.302033233642578125e+02 1.272844028472900391e+02
2.615207481384277344e+02 4.295366668701171875e+02 1.275273513793945312e+02
2.621772575378417969e+02 4.289861297607421875e+02 1.269605159759521484e+02
2.623882865905761719e+02 4.279999923706054688e+02 1.273180007934570312e+02
2.624175453186035156e+02 4.293101882934570312e+02 1.263708019256591797e+02
2.616584205627441406e+02 4.289999771118164062e+02 1.277225303649902344e+02
2.625765800476074219e+02 4.286435317993164062e+02 1.266008567810058594e+02
2.618834877014160156e+02 4.280448913574218750e+02 1.280616188049316406e+02
2.614578056335449219e+02 4.284081268310546875e+02 1.284360218048095703e+02
2.624939155578613281e+02 4.274845123291015625e+02 1.274898147583007812e+02
2.626673507690429688e+02 4.298139953613281250e+02 1.257041358947753906e+02
2.624916648864746094e+02 4.304806900024414062e+02 1.254884719848632812e+02
2.630004119873046875e+02 4.300883865356445312e+02 1.251635932922363281e+02
2.606886291503906250e+02 4.308312225341796875e+02 1.277513122558593750e+02
2.593937301635742188e+02 4.323244857788085938e+02 1.283648777008056641e+02
2.588172340393066406e+02 4.269573593139648438e+02 1.329982185363769531e+02
2.583482170104980469e+02 4.272623062133789062e+02 1.333303642272949219e+02
2.585649108886718750e+02 4.265956115722656250e+02 1.335891151428222656e+02
2.586359214782714844e+02 4.277211380004882812e+02 1.326636981964111328e+02
2.580566596984863281e+02 4.280803680419921875e+02 1.330614852905273438e+02
2.584317588806152344e+02 4.283877944946289062e+02 1.324256896972656250e+02
2.576815414428710938e+02 4.277729415893554688e+02 1.337204837799072266e+02
2.574580192565917969e+02 4.284395980834960938e+02 1.334592723846435547e+02
2.570918655395507812e+02 4.281160736083984375e+02 1.340954399108886719e+02
2.567256927490234375e+02 4.277925491333007812e+02 1.348290729522705078e+02
2.564685058593750000e+02 4.284592056274414062e+02 1.344704055786132812e+02
2.573923683166503906e+02 4.273522949218750000e+02 1.343871498107910156e+02
2.570951271057128906e+02 4.270909118652343750e+02 1.351338958740234375e+02
2.579926109313964844e+02 4.269739532470703125e+02 1.339881324768066406e+02
2.576370048522949219e+02 4.266856384277343750e+02 1.347720527648925781e+02
2.583036804199218750e+02 4.261884307861328125e+02 1.342557811737060547e+02
2.580288887023925781e+02 4.259892654418945312e+02 1.349985504150390625e+02
2.574645423889160156e+02 4.264567565917968750e+02 1.354387187957763672e+02
2.584207534790039062e+02 4.254045104980468750e+02 1.352250480651855469e+02
2.581146430969238281e+02 4.261365890502929688e+02 1.359656333923339844e+02
2.585156631469726562e+02 4.255217361450195312e+02 1.345583820343017578e+02
2.574645423889160156e+02 4.264567565917968750e+02 1.356191921234130859e+02
2.570628738403320312e+02 4.270903396606445312e+02 1.359039115905761719e+02
2.566612243652343750e+02 4.276461410522460938e+02 1.361886405944824219e+02
2.564967727661132812e+02 4.274962234497070312e+02 1.355219745635986328e+02
2.564967727661132812e+02 4.274962234497070312e+02 1.354957389831542969e+02
2.562260055541992188e+02 4.279876708984375000e+02 1.359131813049316406e+02
2.563085937500000000e+02 4.280755233764648438e+02 1.350974464416503906e+02
2.556599235534667969e+02 4.286461257934570312e+02 1.360000038146972656e+02
2.563308715820312500e+02 4.283128356933593750e+02 1.365558910369873047e+02
2.551165580749511719e+02 4.291461181640625000e+02 1.360000038146972656e+02
2.557155227661132812e+02 4.289297485351562500e+02 1.349069404602050781e+02
2.552061462402343750e+02 4.292162704467773438e+02 1.351782417297363281e+02
2.539999961853027344e+02 4.300784301757812500e+02 1.360000038146972656e+02
2.534818649291992188e+02 4.304872131347656250e+02 1.365136432647705078e+02
2.560388374328613281e+02 4.310243606567382812e+02 1.363386726379394531e+02
2.614619827270507812e+02 4.224680709838867188e+02 1.336903762817382812e+02
2.620679283142089844e+02 4.320990371704101562e+02 1.311012458801269531e+02
2.655832481384277344e+02 4.267795944213867188e+02 1.296746063232421875e+02
2.654807472229003906e+02 4.274462890625000000e+02 1.294577026367187500e+02
2.653737831115722656e+02 4.279999923706054688e+02 1.292252254486083984e+02
2.657476234436035156e+02 4.270677566528320312e+02 1.290746212005615234e+02
2.655880355834960938e+02 4.279999923706054688e+02 1.287252235412597656e+02
2.658326339721679688e+02 4.279999923706054688e+02 1.280000019073486328e+02
2.655038261413574219e+02 4.285091018676757812e+02 1.285092639923095703e+02
2.655838394165039062e+02 4.287176895141601562e+02 1.280000019073486328e+02
2.653651618957519531e+02 4.292176818847656250e+02 1.280000019073486328e+02
2.657026863098144531e+02 4.290686798095703125e+02 1.270439910888671875e+02
2.654752349853515625e+02 4.294477844238281250e+02 1.274066448211669922e+02
2.655534744262695312e+02 4.296274948120117188e+02 1.267399787902832031e+02
2.644071769714355469e+02 4.262361145019531250e+02 1.253486251831054688e+02
2.634769821166992188e+02 4.312215805053710938e+02 1.244872570037841797e+02
2.645997238159179688e+02 4.316670989990234375e+02 1.260000038146972656e+02
2.604192161560058594e+02 4.354487609863281250e+02 1.283160114288330078e+02
2.404820060729980469e+02 4.374728393554687500e+02 1.306494808197021484e+02
2.404820060729980469e+02 4.375591659545898438e+02 1.306494808197021484e+02
