1.514860153198242188e+02 8.724700927734375000e+02 1.524646377563476562e+02
1.514312934875488281e+02 8.723866271972656250e+02 1.530000019073486328e+02
1.518938827514648438e+02 8.720820617675781250e+02 1.520787811279296875e+02
1.514860153198242188e+02 8.725250244140625000e+02 1.524646377563476562e+02
1.520680046081542969e+02 8.725785827636718750e+02 1.520787811279296875e+02
1.514312934875488281e+02 8.726090240478515625e+02 1.530000019073486328e+02
1.514266967773437500e+02 8.726094055175781250e+02 1.540000057220458984e+02
1.519999980926513672e+02 8.727354431152343750e+02 1.530000019073486328e+02
1.519901180267333984e+02 8.726369476318359375e+02 1.540704250335693359e+02
1.528191852569580078e+02 8.726264953613281250e+02 1.530000019073486328e+02
1.533191871643066406e+02 8.724098968505859375e+02 1.530000019073486328e+02
1.527737140655517578e+02 8.725794982910156250e+02 1.519999980926513672e+02
1.526771926879882812e+02 8.725824737548828125e+02 1.537840461730957031e+02
1.530063152313232422e+02 8.722302246093750000e+02 1.540704250335693359e+02
1.530000019073486328e+02 8.717272186279296875e+02 1.545732402801513672e+02
1.540069961547851562e+02 8.717436218261718750e+02 1.540364074707031250e+02
1.520318412780761719e+02 8.721069335937500000e+02 1.541931629180908203e+02
1.514266967773437500e+02 8.723921966552734375e+02 1.540000057220458984e+02
1.523180770874023438e+02 8.713458251953125000e+02 1.540000057220458984e+02
1.517218208312988281e+02 8.718865966796875000e+02 1.530000019073486328e+02
1.524475860595703125e+02 8.717265319824218750e+02 1.545354747772216797e+02
1.516501903533935547e+02 8.724775695800781250e+02 1.545174217224121094e+02
1.516501903533935547e+02 8.725254821777343750e+02 1.545174217224121094e+02
1.514798736572265625e+02 8.724775695800781250e+02 1.545174217224121094e+02
1.514798736572265625e+02 8.725254821777343750e+02 1.545174217224121094e+02
1.524475860595703125e+02 8.714625549316406250e+02 1.545354747772216797e+02
1.530948638916015625e+02 8.710774993896484375e+02 1.545624256134033203e+02
1.528577613830566406e+02 8.708457946777343750e+02 1.540000057220458984e+02
1.540069961547851562e+02 8.710383605957031250e+02 1.546053791046142578e+02
1.534914398193359375e+02 8.704935455322265625e+02 1.545063972473144531e+02
1.533577632904052734e+02 8.703765106201171875e+02 1.540000057220458984e+02
1.540000057220458984e+02 8.702913665771484375e+02 1.545850944519042969e+02
1.540067958831787109e+02 8.698381805419921875e+02 1.540705776214599609e+02
1.549267101287841797e+02 8.699369812011718750e+02 1.547110271453857422e+02
1.552111816406250000e+02 8.692963409423828125e+02 1.546426677703857422e+02
1.545445156097412109e+02 8.695616149902343750e+02 1.544509696960449219e+02
1.550000000000000000e+02 8.707546234130859375e+02 1.546567821502685547e+02
1.560553264617919922e+02 8.700717163085937500e+02 1.547443675994873047e+02
1.560012054443359375e+02 8.689778137207031250e+02 1.547350597381591797e+02
1.564255428314208984e+02 8.704528045654296875e+02 1.544488525390625000e+02
1.557588768005371094e+02 8.706089782714843750e+02 1.546019840240478516e+02
1.569999980926513672e+02 8.697605133056640625e+02 1.546639251708984375e+02
1.575965118408203125e+02 8.695612335205078125e+02 1.545559406280517578e+02
1.569999980926513672e+02 8.690000152587890625e+02 1.548206615447998047e+02
1.570344161987304688e+02 8.702656555175781250e+02 1.540693092346191406e+02
1.573906898498535156e+02 8.704287719726562500e+02 1.532473182678222656e+02
1.567240142822265625e+02 8.706152343750000000e+02 1.537821865081787109e+02
1.579579067230224609e+02 8.697286987304687500e+02 1.539715957641601562e+02
1.582631778717041016e+02 8.692826080322265625e+02 1.542859935760498047e+02
1.579156875610351562e+02 8.701724243164062500e+02 1.529483985900878906e+02
1.585992717742919922e+02 8.695578002929687500e+02 1.536193275451660156e+02
1.587469005584716797e+02 8.696440124511718750e+02 1.530000019073486328e+02
1.589710426330566406e+02 8.689746856689453125e+02 1.540153598785400391e+02
1.593428134918212891e+02 8.683158111572265625e+02 1.544114017486572266e+02
1.592469024658203125e+02 8.693206024169921875e+02 1.530000019073486328e+02
1.586761474609375000e+02 8.686159515380859375e+02 1.545691204071044922e+02
1.597864818572998047e+02 8.686666870117187500e+02 1.537447357177734375e+02
1.600801277160644531e+02 8.680577850341796875e+02 1.541041469573974609e+02
1.600718879699707031e+02 8.687949371337890625e+02 1.530514049530029297e+02
1.600000000000000000e+02 8.690643310546875000e+02 1.519999980926513672e+02
1.604531478881835938e+02 8.684663391113281250e+02 1.534190082550048828e+02
1.606124114990234375e+02 8.685641479492187500e+02 1.527523422241210938e+02
1.607313919067382812e+02 8.686317443847656250e+02 1.519999980926513672e+02
1.609674453735351562e+02 8.682467651367187500e+02 1.530514049530029297e+02
1.609999847412109375e+02 8.677866363525390625e+02 1.538060474395751953e+02
1.619818305969238281e+02 8.676718139648437500e+02 1.529161262512207031e+02
1.612313842773437500e+02 8.683336639404296875e+02 1.519999980926513672e+02
1.613349914550781250e+02 8.683982086181640625e+02 1.510000038146972656e+02
1.619999885559082031e+02 8.678783416748046875e+02 1.519999980926513672e+02
1.619999885559082031e+02 8.679933929443359375e+02 1.510000038146972656e+02
1.625782585144042969e+02 8.675446319580078125e+02 1.519999980926513672e+02
1.626679992675781250e+02 8.675952148437500000e+02 1.510000038146972656e+02
1.630782508850097656e+02 8.672345733642578125e+02 1.519999980926513672e+02
1.625139427185058594e+02 8.675080871582031250e+02 1.525268745422363281e+02
1.629713439941406250e+02 8.669873809814453125e+02 1.529782295227050781e+02
1.627620887756347656e+02 8.666819763183593750e+02 1.536670017242431641e+02
1.636969375610351562e+02 8.666260528564453125e+02 1.527629184722900391e+02
1.623030662536621094e+02 8.673487091064453125e+02 1.531935405731201172e+02
1.634287452697753906e+02 8.664167785644531250e+02 1.534295845031738281e+02
1.630572509765625000e+02 8.660501098632812500e+02 1.537965106964111328e+02
1.640457916259765625e+02 8.660661315917968750e+02 1.530936050415039062e+02
1.643851661682128906e+02 8.664022064208984375e+02 1.519999980926513672e+02
1.644013214111328125e+02 8.650000000000000000e+02 1.534390735626220703e+02
1.637279891967773438e+02 8.657501220703125000e+02 1.536218070983886719e+02
1.647634506225585938e+02 8.657154083251953125e+02 1.527576351165771484e+02
1.650580596923828125e+02 8.650500488281250000e+02 1.529538917541503906e+02
1.650580596923828125e+02 8.658652496337890625e+02 1.520273494720458984e+02
1.649156951904296875e+02 8.662058258056640625e+02 1.510314083099365234e+02
1.656091117858886719e+02 8.655724334716796875e+02 1.517122459411621094e+02
1.654301071166992188e+02 8.654167175292968750e+02 1.523789119720458984e+02
1.660120582580566406e+02 8.650346374511718750e+02 1.520640182495117188e+02
1.666894912719726562e+02 8.646525573730468750e+02 1.517491340637207031e+02
1.657483291625976562e+02 8.647500610351562500e+02 1.526710605621337891e+02
1.664150047302246094e+02 8.642897033691406250e+02 1.524158000946044922e+02
1.662275695800781250e+02 8.652915191650390625e+02 1.510000038146972656e+02
1.663054466247558594e+02 8.653668212890625000e+02 1.500000000000000000e+02
1.657275772094726562e+02 8.656415557861328125e+02 1.510000038146972656e+02
1.670137023925781250e+02 8.647341156005859375e+02 1.509032821655273438e+02
1.673561668395996094e+02 8.643343353271484375e+02 1.511721420288085938e+02
1.669999885559082031e+02 8.648860168457031250e+02 1.500000000000000000e+02
1.675022506713867188e+02 8.645014953613281250e+02 1.505054759979248047e+02
1.679191589355468750e+02 8.639527893066406250e+02 1.509034442901611328e+02
1.675308036804199219e+02 8.645191955566406250e+02 1.500000000000000000e+02
1.680307960510253906e+02 8.641517639160156250e+02 1.500000000000000000e+02
1.675568389892578125e+02 8.645350646972656250e+02 1.490000057220458984e+02
1.680568313598632812e+02 8.642074584960937500e+02 1.490000057220458984e+02
1.675440597534179688e+02 8.645272064208984375e+02 1.480000019073486328e+02
1.669999885559082031e+02 8.649145507812500000e+02 1.490000057220458984e+02
1.669999885559082031e+02 8.649005126953125000e+02 1.480000019073486328e+02
1.663188552856445312e+02 8.653794860839843750e+02 1.490000057220458984e+02
1.663101196289062500e+02 8.653733062744140625e+02 1.480000019073486328e+02
1.658188629150390625e+02 8.656873321533203125e+02 1.490000057220458984e+02
1.658101081848144531e+02 8.656833648681640625e+02 1.480000019073486328e+02
1.658054542541503906e+02 8.656810760498046875e+02 1.500000000000000000e+02
1.650605583190917969e+02 8.661872863769531250e+02 1.490000057220458984e+02
1.650597763061523438e+02 8.661833190917968750e+02 1.480000019073486328e+02
1.645605659484863281e+02 8.665399932861328125e+02 1.490000057220458984e+02
1.650489616394042969e+02 8.661810302734375000e+02 1.500000000000000000e+02
1.645489501953125000e+02 8.665319061279296875e+02 1.500000000000000000e+02
1.639999961853027344e+02 8.668637847900390625e+02 1.500000000000000000e+02
1.645261573791503906e+02 8.665168762207031250e+02 1.507190132141113281e+02
1.640899658203125000e+02 8.667517852783203125e+02 1.510314083099365234e+02
1.638851737976074219e+02 8.667346191406250000e+02 1.519999980926513672e+02
1.644832801818847656e+02 8.664875793457031250e+02 1.513856792449951172e+02
1.631680107116699219e+02 8.673020172119140625e+02 1.510000038146972656e+02
1.632127571105957031e+02 8.673318481445312500e+02 1.500000000000000000e+02
1.632270240783691406e+02 8.673414611816406250e+02 1.490000057220458984e+02
1.627127456665039062e+02 8.676203918457031250e+02 1.500000000000000000e+02
1.627270317077636719e+02 8.676287841796875000e+02 1.490000057220458984e+02
1.619999885559082031e+02 8.680513763427734375e+02 1.500000000000000000e+02
1.613880348205566406e+02 8.684310913085937500e+02 1.500000000000000000e+02
1.619999885559082031e+02 8.680663299560546875e+02 1.490000057220458984e+02
1.613953399658203125e+02 8.684375762939453125e+02 1.490000057220458984e+02
1.619999885559082031e+02 8.680487823486328125e+02 1.480000019073486328e+02
1.613630485534667969e+02 8.684230041503906250e+02 1.480000019073486328e+02
1.619999885559082031e+02 8.679862976074218750e+02 1.469999980926513672e+02
1.627229499816894531e+02 8.676258087158203125e+02 1.480000019073486328e+02
1.626951217651367188e+02 8.676071929931640625e+02 1.469999980926513672e+02
1.632229423522949219e+02 8.673403167724609375e+02 1.480000019073486328e+02
1.631951141357421875e+02 8.673289489746093750e+02 1.469999980926513672e+02
1.639999961853027344e+02 8.668802642822265625e+02 1.480000019073486328e+02
1.639999961853027344e+02 8.668630981445312500e+02 1.469999980926513672e+02
1.639999961853027344e+02 8.668814086914062500e+02 1.490000057220458984e+02
1.645597839355468750e+02 8.665399932861328125e+02 1.480000019073486328e+02
1.645507621765136719e+02 8.665341186523437500e+02 1.469999980926513672e+02
1.645296287536621094e+02 8.665198516845703125e+02 1.461938953399658203e+02
1.650507736206054688e+02 8.661753845214843750e+02 1.469999980926513672e+02
1.649177742004394531e+02 8.662249755859375000e+02 1.459163379669189453e+02
1.657926559448242188e+02 8.656753540039062500e+02 1.469999980926513672e+02
1.657610130310058594e+02 8.656579589843750000e+02 1.460000038146972656e+02
1.662926483154296875e+02 8.653604125976562500e+02 1.469999980926513672e+02
1.662610244750976562e+02 8.653381347656250000e+02 1.460000038146972656e+02
1.669999885559082031e+02 8.648757934570312500e+02 1.469999980926513672e+02
1.670919799804687500e+02 8.647746276855468750e+02 1.460054016113281250e+02
1.675244331359863281e+02 8.645153808593750000e+02 1.469999980926513672e+02
1.675107955932617188e+02 8.645069885253906250e+02 1.463423347473144531e+02
1.680244445800781250e+02 8.641902160644531250e+02 1.469999980926513672e+02
1.679064750671386719e+02 8.642238616943359375e+02 1.460054016113281250e+02
1.680440711975097656e+02 8.642093658447265625e+02 1.480000019073486328e+02
1.688219642639160156e+02 8.636901855468750000e+02 1.469999980926513672e+02
1.687703514099121094e+02 8.636622619628906250e+02 1.460000038146972656e+02
1.688515853881835938e+02 8.637093353271484375e+02 1.480000019073486328e+02
1.693219757080078125e+02 8.633794403076171875e+02 1.469999980926513672e+02
1.692703437805175781e+02 8.633470916748046875e+02 1.460000038146972656e+02
1.693515777587890625e+02 8.633922576904296875e+02 1.480000019073486328e+02
1.700000000000000000e+02 8.629149627685546875e+02 1.469999980926513672e+02
1.700000000000000000e+02 8.629141235351562500e+02 1.480000019073486328e+02
1.705603408813476562e+02 8.625355529785156250e+02 1.469999980926513672e+02
1.700000000000000000e+02 8.628634643554687500e+02 1.460000038146972656e+02
1.700702857971191406e+02 8.627386474609375000e+02 1.450851917266845703e+02
1.705282402038574219e+02 8.625164031982421875e+02 1.460000038146972656e+02
1.710282516479492188e+02 8.621858978271484375e+02 1.460000038146972656e+02
1.705035781860351562e+02 8.625021362304687500e+02 1.454753208160400391e+02
1.709021377563476562e+02 8.621956634521484375e+02 1.450851917266845703e+02
1.717494201660156250e+02 8.616477203369140625e+02 1.450000000000000000e+02
1.704504776000976562e+02 8.624625396728515625e+02 1.448086547851562500e+02
1.709999847412109375e+02 8.619825744628906250e+02 1.440000057220458984e+02
1.710143280029296875e+02 8.617211914062500000e+02 1.430275249481201172e+02
1.716465759277343750e+02 8.615856170654296875e+02 1.440000057220458984e+02
1.703542709350585938e+02 8.623970031738281250e+02 1.440000057220458984e+02
1.700131225585937500e+02 8.622684478759765625e+02 1.429397964477539062e+02
1.698542594909667969e+02 8.627143859863281250e+02 1.440000057220458984e+02
1.689596176147460938e+02 8.632589721679687500e+02 1.439377975463867188e+02
1.696885299682617188e+02 8.626079559326171875e+02 1.432329940795898438e+02
1.690439224243164062e+02 8.628103637695312500e+02 1.429397964477539062e+02
1.687398719787597656e+02 8.625968170166015625e+02 1.424050903320312500e+02
1.680804061889648438e+02 8.632720184326171875e+02 1.429485893249511719e+02
1.694065475463867188e+02 8.624450683593750000e+02 1.425663280487060547e+02
1.690439224243164062e+02 8.620670318603515625e+02 1.422286701202392578e+02
1.679999923706054688e+02 8.620000457763671875e+02 1.422360324859619141e+02
1.689488601684570312e+02 8.609461975097656250e+02 1.421879577636718750e+02
1.700000000000000000e+02 8.617855072021484375e+02 1.422426414489746094e+02
1.700000000000000000e+02 8.610000610351562500e+02 1.419053745269775391e+02
1.706905555725097656e+02 8.616023254394531250e+02 1.423598098754882812e+02
1.710143280029296875e+02 8.610395812988281250e+02 1.420868968963623047e+02
1.709999847412109375e+02 8.600000000000000000e+02 1.418298625946044922e+02
1.713572311401367188e+02 8.613992309570312500e+02 1.427125358581542969e+02
1.719999885559082031e+02 8.607118225097656250e+02 1.422327804565429688e+02
1.720673179626464844e+02 8.599119567871093750e+02 1.417283630371093750e+02
1.719344902038574219e+02 8.611572265625000000e+02 1.430275249481201172e+02
1.726032066345214844e+02 8.605498504638671875e+02 1.424050903320312500e+02
1.727973365783691406e+02 8.606471252441406250e+02 1.430000019073486328e+02
1.729517364501953125e+02 8.599369049072265625e+02 1.419653320312500000e+02
1.729801559448242188e+02 8.590827941894531250e+02 1.416318607330322266e+02
1.726335906982421875e+02 8.595198822021484375e+02 1.414904499053955078e+02
1.732973289489746094e+02 8.603696441650390625e+02 1.430000019073486328e+02
1.739999961853027344e+02 8.596590423583984375e+02 1.422195339202880859e+02
1.739318084716796875e+02 8.589237213134765625e+02 1.416794300079345703e+02
1.739999961853027344e+02 8.599617004394531250e+02 1.430000019073486328e+02
1.745503997802734375e+02 8.595247650146484375e+02 1.424338054656982422e+02
1.746793174743652344e+02 8.595920562744140625e+02 1.430000019073486328e+02
1.748962974548339844e+02 8.589024353027343750e+02 1.420402336120605469e+02
1.749452972412109375e+02 8.580671691894531250e+02 1.418207550048828125e+02
1.745755195617675781e+02 8.585395812988281250e+02 1.414807510375976562e+02
1.751793289184570312e+02 8.592240142822265625e+02 1.430000019073486328e+02
1.756140899658203125e+02 8.585987091064453125e+02 1.423133182525634766e+02
1.757089614868164062e+02 8.580000305175781250e+02 1.422222423553466797e+02
1.757334327697753906e+02 8.587239837646484375e+02 1.430000019073486328e+02
1.760426521301269531e+02 8.580000305175781250e+02 1.430000019073486328e+02
1.757674026489257812e+02 8.588066864013671875e+02 1.440000057220458984e+02
1.753071594238281250e+02 8.593066406250000000e+02 1.440000057220458984e+02
1.760453987121582031e+02 8.580000305175781250e+02 1.440000057220458984e+02
1.756468009948730469e+02 8.587070465087890625e+02 1.450000000000000000e+02
1.756911849975585938e+02 8.580357360839843750e+02 1.449966526031494141e+02
1.752874374389648438e+02 8.592070007324218750e+02 1.450000000000000000e+02
1.755363464355468750e+02 8.585671234130859375e+02 1.455550765991210938e+02
1.755363464355468750e+02 8.583928680419921875e+02 1.455550765991210938e+02
1.750238609313964844e+02 8.589402770996093750e+02 1.459330463409423828e+02
1.745330238342285156e+02 8.590000152587890625e+02 1.465244007110595703e+02
1.746256065368652344e+02 8.595906829833984375e+02 1.460000038146972656e+02
1.749233627319335938e+02 8.582524871826171875e+02 1.459330463409423828e+02
1.739999961853027344e+02 8.580285644531250000e+02 1.460000038146972656e+02
1.750000000000000000e+02 8.577122497558593750e+02 1.452743053436279297e+02
1.745389556884765625e+02 8.584711456298828125e+02 1.465264415740966797e+02
1.739999961853027344e+02 8.584059906005859375e+02 1.466358661651611328e+02
1.739170646667480469e+02 8.590711975097656250e+02 1.470123481750488281e+02
1.729999923706054688e+02 8.584005737304687500e+02 1.466848564147949219e+02
1.723297882080078125e+02 8.584639739990234375e+02 1.465917587280273438e+02
1.729999923706054688e+02 8.581462860107421875e+02 1.460000038146972656e+02
1.729999923706054688e+02 8.588381195068359375e+02 1.471848583221435547e+02
1.729999923706054688e+02 8.593380737304687500e+02 1.476396846771240234e+02
1.719978713989257812e+02 8.587250518798828125e+02 1.469550609588623047e+02
1.709999847412109375e+02 8.589800262451171875e+02 1.469999980926513672e+02
1.716631126403808594e+02 8.585440063476562500e+02 1.463003540039062500e+02
1.719999885559082031e+02 8.592483520507812500e+02 1.478354644775390625e+02
1.720233345031738281e+02 8.599392700195312500e+02 1.482907390594482422e+02
1.709999847412109375e+02 8.593103027343750000e+02 1.478922557830810547e+02
1.709999847412109375e+02 8.595883941650390625e+02 1.483922481536865234e+02
1.701838111877441406e+02 8.594147491455078125e+02 1.477400875091552734e+02
1.699102783203125000e+02 8.593373107910156250e+02 1.470792293548583984e+02
1.699102783203125000e+02 8.595964813232421875e+02 1.480440521240234375e+02
1.695171546936035156e+02 8.595053863525390625e+02 1.474653720855712891e+02
1.689999961853027344e+02 8.598466491699218750e+02 1.480000019073486328e+02
1.700000000000000000e+02 8.600549316406250000e+02 1.490000057220458984e+02
1.689999961853027344e+02 8.601509857177734375e+02 1.490000057220458984e+02
1.700000000000000000e+02 8.604383087158203125e+02 1.495898914337158203e+02
1.709150314331054688e+02 8.601631927490234375e+02 1.489975547790527344e+02
1.705250740051269531e+02 8.604874420166015625e+02 1.495124626159667969e+02
1.710927391052246094e+02 8.610000610351562500e+02 1.491485500335693359e+02
1.717055702209472656e+02 8.602320861816406250e+02 1.486625957489013672e+02
1.716724014282226562e+02 8.610000610351562500e+02 1.486485481262207031e+02
1.721396255493164062e+02 8.609954071044921875e+02 1.480223655700683594e+02
1.715242958068847656e+02 8.615216064453125000e+02 1.485354709625244141e+02
1.716453552246093750e+02 8.616053771972656250e+02 1.480000019073486328e+02
1.708836936950683594e+02 8.619124603271484375e+02 1.488541221618652344e+02
1.703841972351074219e+02 8.623033142089843750e+02 1.491727733612060547e+02
1.710364151000976562e+02 8.621054077148437500e+02 1.480000019073486328e+02
1.705985641479492188e+02 8.616365814208984375e+02 1.495994567871093750e+02
1.705021667480468750e+02 8.625015258789062500e+02 1.485061073303222656e+02
1.705364227294921875e+02 8.625218963623046875e+02 1.480000019073486328e+02
1.700305175781250000e+02 8.627819824218750000e+02 1.489036655426025391e+02
1.696837806701660156e+02 8.626804351806640625e+02 1.500000000000000000e+02
1.693280220031738281e+02 8.633513641357421875e+02 1.490000057220458984e+02
1.688280105590820312e+02 8.637075042724609375e+02 1.490000057220458984e+02
1.692146301269531250e+02 8.631804656982421875e+02 1.500000000000000000e+02
1.687146377563476562e+02 8.636518096923828125e+02 1.500000000000000000e+02
1.689538574218750000e+02 8.629205322265625000e+02 1.507946491241455078e+02
1.685897636413574219e+02 8.635711669921875000e+02 1.506347370147705078e+02
1.695275306701660156e+02 8.625342559814453125e+02 1.505308341979980469e+02
1.689999961853027344e+02 8.620000457763671875e+02 1.509316349029541016e+02
1.683656501770019531e+02 8.630000305175781250e+02 1.513451957702636719e+02
1.680908584594726562e+02 8.619918060302734375e+02 1.513141250610351562e+02
1.678656578063964844e+02 8.630000305175781250e+02 1.517109107971191406e+02
1.678181076049804688e+02 8.623196411132812500e+02 1.516343879699707031e+02
1.669336891174316406e+02 8.630550384521484375e+02 1.521926021575927734e+02
1.676694107055664062e+02 8.636676788330078125e+02 1.516468334197998047e+02
1.669561576843261719e+02 8.639787292480468750e+02 1.520313167572021484e+02
1.665561485290527344e+02 8.636230468750000000e+02 1.525299167633056641e+02
1.660490036010742188e+02 8.639738464355468750e+02 1.526941680908203125e+02
1.665561485290527344e+02 8.634250640869140625e+02 1.525299167633056641e+02
1.659999847412109375e+02 8.633229064941406250e+02 1.526144123077392578e+02
1.659999847412109375e+02 8.628229522705078125e+02 1.522701168060302734e+02
1.650000000000000000e+02 8.632935333251953125e+02 1.526928234100341797e+02
1.639999961853027344e+02 8.633981323242187500e+02 1.526282310485839844e+02
1.649427413940429688e+02 8.627519226074218750e+02 1.519922256469726562e+02
1.650000000000000000e+02 8.640000152587890625e+02 1.530669689178466797e+02
1.640842628479003906e+02 8.640602111816406250e+02 1.531992626190185547e+02
1.630693054199218750e+02 8.639322662353515625e+02 1.529219150543212891e+02
1.638071060180664062e+02 8.644336700439453125e+02 1.535542297363281250e+02
1.629999923706054688e+02 8.644413757324218750e+02 1.535511302947998047e+02
1.639013290405273438e+02 8.650000000000000000e+02 1.536320209503173828e+02
1.629999923706054688e+02 8.650000000000000000e+02 1.537965106964111328e+02
1.620814704895019531e+02 8.649854278564453125e+02 1.537445449829101562e+02
1.609999847412109375e+02 8.653242492675781250e+02 1.536878299713134766e+02
1.618024444580078125e+02 8.646423339843750000e+02 1.532681083679199219e+02
1.624691200256347656e+02 8.644882202148437500e+02 1.535139465332031250e+02
1.619999885559082031e+02 8.660000610351562500e+02 1.541324996948242188e+02
1.619818305969238281e+02 8.670092010498046875e+02 1.538365173339843750e+02
1.609999847412109375e+02 8.660000610351562500e+02 1.541331577301025391e+02
1.609999847412109375e+02 8.670000457763671875e+02 1.542513751983642578e+02
1.600513839721679688e+02 8.659962463378906250e+02 1.538635826110839844e+02
1.590000057220458984e+02 8.663693237304687500e+02 1.536763668060302734e+02
1.604189872741699219e+02 8.654566955566406250e+02 1.535621929168701172e+02
1.597232723236083984e+02 8.656455993652343750e+02 1.530000019073486328e+02
1.600242614746093750e+02 8.670213317871093750e+02 1.544044113159179688e+02
1.590000057220458984e+02 8.668627166748046875e+02 1.541763687133789062e+02
1.597071075439453125e+02 8.673688507080078125e+02 1.545482540130615234e+02
1.597071075439453125e+02 8.676491546630859375e+02 1.545482540130615234e+02
1.590000057220458984e+02 8.673626708984375000e+02 1.545663261413574219e+02
1.590056896209716797e+02 8.679895019531250000e+02 1.545945262908935547e+02
1.583478736877441406e+02 8.674481201171875000e+02 1.545401763916015625e+02
1.580894851684570312e+02 8.670750427246093750e+02 1.539618206024169922e+02
1.580087280273437500e+02 8.679567718505859375e+02 1.546390914916992188e+02
1.576812076568603516e+02 8.675946807861328125e+02 1.544211959838867188e+02
1.579579067230224609e+02 8.689695739746093750e+02 1.546485519409179688e+02
1.569999980926513672e+02 8.682528686523437500e+02 1.546567440032958984e+02
1.569496154785156250e+02 8.677342224121093750e+02 1.540527153015136719e+02
1.563353347778320312e+02 8.684091186523437500e+02 1.545864677429199219e+02
1.560012054443359375e+02 8.682432556152343750e+02 1.539919948577880859e+02
1.554184246063232422e+02 8.684429931640625000e+02 1.536533260345458984e+02
1.560739231109619141e+02 8.678246307373046875e+02 1.529881668090820312e+02
1.556686687469482422e+02 8.686296844482421875e+02 1.543199920654296875e+02
1.549814701080322266e+02 8.690068054199218750e+02 1.540521526336669922e+02
1.548144531250000000e+02 8.687782287597656250e+02 1.530000019073486328e+02
1.543446540832519531e+02 8.693839263916015625e+02 1.537843036651611328e+02
1.542172241210937500e+02 8.692782592773437500e+02 1.530000019073486328e+02
1.541571712493896484e+02 8.692166900634765625e+02 1.519999980926513672e+02
1.537172317504882812e+02 8.697211456298828125e+02 1.530000019073486328e+02
1.531993865966796875e+02 8.702210998535156250e+02 1.530000019073486328e+02
1.536571693420410156e+02 8.696726226806640625e+02 1.519999980926513672e+02
1.531777858734130859e+02 8.701726531982421875e+02 1.519999980926513672e+02
1.536785888671875000e+02 8.697174072265625000e+02 1.510000038146972656e+02
1.541785812377929688e+02 8.692206573486328125e+02 1.510000038146972656e+02
1.537457847595214844e+02 8.700076293945312500e+02 1.499284839630126953e+02
1.532491683959960938e+02 8.702173614501953125e+02 1.510000038146972656e+02
1.533754444122314453e+02 8.703460693359375000e+02 1.502141475677490234e+02
1.527478885650634766e+02 8.710136413574218750e+02 1.509651756286621094e+02
1.532172870635986328e+02 8.710000610351562500e+02 1.500886154174804688e+02
1.526777839660644531e+02 8.707493591308593750e+02 1.519999980926513672e+02
1.529320812225341797e+02 8.720675659179687500e+02 1.510344696044921875e+02
1.523905372619628906e+02 8.713560485839843750e+02 1.512752819061279297e+02
1.523779106140136719e+02 8.720000457763671875e+02 1.513016986846923828e+02
1.522823429107666016e+02 8.712493896484375000e+02 1.519999980926513672e+02
1.522218227386474609e+02 8.712313079833984375e+02 1.530000019073486328e+02
1.526993846893310547e+02 8.707312774658203125e+02 1.530000019073486328e+02
1.524466800689697266e+02 8.725199127197265625e+02 1.514603137969970703e+02
1.526165676116943359e+02 8.725199127197265625e+02 1.514603137969970703e+02
1.532475948333740234e+02 8.716781616210937500e+02 1.502373504638671875e+02
1.540000057220458984e+02 8.720503997802734375e+02 1.510000038146972656e+02
1.532737159729003906e+02 8.724420928955078125e+02 1.519999980926513672e+02
1.540000057220458984e+02 8.721545410156250000e+02 1.519999980926513672e+02
1.550000000000000000e+02 8.717475891113281250e+02 1.519999980926513672e+02
1.540000057220458984e+02 8.720720672607421875e+02 1.530000019073486328e+02
1.550230979919433594e+02 8.716366577148437500e+02 1.529457283020019531e+02
1.547051620483398438e+02 8.715822601318359375e+02 1.537273502349853516e+02
1.555244636535644531e+02 8.715115356445312500e+02 1.525762081146240234e+02
1.553718280792236328e+02 8.714420318603515625e+02 1.532428741455078125e+02
1.550230979919433594e+02 8.712689208984375000e+02 1.540364074707031250e+02
1.559146785736083984e+02 8.712423706054687500e+02 1.529457283020019531e+02
1.560769653320312500e+02 8.712937927246093750e+02 1.519999980926513672e+02
1.560553264617919922e+02 8.707997131347656250e+02 1.540693092346191406e+02
1.570344161987304688e+02 8.706861877441406250e+02 1.529483985900878906e+02
1.569999980926513672e+02 8.708409881591796875e+02 1.519999980926513672e+02
1.575261497497558594e+02 8.705149841308593750e+02 1.525806522369384766e+02
1.575837326049804688e+02 8.705472564697265625e+02 1.519999980926513672e+02
1.576540279388427734e+02 8.705844879150390625e+02 1.510000038146972656e+02
1.580837345123291016e+02 8.702338409423828125e+02 1.519999980926513672e+02
1.581540298461914062e+02 8.702880096435546875e+02 1.510000038146972656e+02
1.589037322998046875e+02 8.697338867187500000e+02 1.519999980926513672e+02
1.590850257873535156e+02 8.697402191162109375e+02 1.510126399993896484e+02
1.594037342071533203e+02 8.694326019287109375e+02 1.519999980926513672e+02
1.594750499725341797e+02 8.694827270507812500e+02 1.513543891906738281e+02
1.599172115325927734e+02 8.692432403564453125e+02 1.510126399993896484e+02
1.600450897216796875e+02 8.692211151123046875e+02 1.500000000000000000e+02
1.595286846160888672e+02 8.695164489746093750e+02 1.506877231597900391e+02
1.608349800109863281e+02 8.686920166015625000e+02 1.510000038146972656e+02
1.608880233764648438e+02 8.687211608886718750e+02 1.500000000000000000e+02
1.608953285217285156e+02 8.687191772460937500e+02 1.490000057220458984e+02
1.600250244140625000e+02 8.692192077636718750e+02 1.490000057220458984e+02
1.608630561828613281e+02 8.686913299560546875e+02 1.480000019073486328e+02
1.599011516571044922e+02 8.692176818847656250e+02 1.480953407287597656e+02
1.607492256164550781e+02 8.686190032958984375e+02 1.469999980926513672e+02
1.600000000000000000e+02 8.689334869384765625e+02 1.469999980926513672e+02
1.606085205078125000e+02 8.685456085205078125e+02 1.463890266418457031e+02
1.612492179870605469e+02 8.683791351318359375e+02 1.469999980926513672e+02
1.609651184082031250e+02 8.682345581054687500e+02 1.460334110260009766e+02
1.600000000000000000e+02 8.682656097412109375e+02 1.457580375671386719e+02
1.609999847412109375e+02 8.677442169189453125e+02 1.451553153991699219e+02
1.619999885559082031e+02 8.678218841552734375e+02 1.460000038146972656e+02
1.619999885559082031e+02 8.676014709472656250e+02 1.453018569946289062e+02
1.625981330871582031e+02 8.675518798828125000e+02 1.460000038146972656e+02
1.625152969360351562e+02 8.675072479248046875e+02 1.454776668548583984e+02
1.630981254577636719e+02 8.672935485839843750e+02 1.460000038146972656e+02
1.629091835021972656e+02 8.671827697753906250e+02 1.450865936279296875e+02
1.640977668762207031e+02 8.667467498779296875e+02 1.459163379669189453e+02
1.639006423950195312e+02 8.667042541503906250e+02 1.450000000000000000e+02
1.644962882995605469e+02 8.664978027343750000e+02 1.455272293090820312e+02
1.644006347656250000e+02 8.664475250244140625e+02 1.450000000000000000e+02
1.640227317810058594e+02 8.662243652343750000e+02 1.439942169189453125e+02
1.650000000000000000e+02 8.660599517822265625e+02 1.450000000000000000e+02
1.656855583190917969e+02 8.656124877929687500e+02 1.450000000000000000e+02
1.650006103515625000e+02 8.657442474365234375e+02 1.440116214752197266e+02
1.653343582153320312e+02 8.653942108154296875e+02 1.436860275268554688e+02
1.646677017211914062e+02 8.655881500244140625e+02 1.434007740020751953e+02
1.655883026123046875e+02 8.655534362792968750e+02 1.443526935577392578e+02
1.659529685974121094e+02 8.651666259765625000e+02 1.440116214752197266e+02
1.659999847412109375e+02 8.647069549560546875e+02 1.432773303985595703e+02
1.667541503906250000e+02 8.646627044677734375e+02 1.440000057220458984e+02
1.661855506896972656e+02 8.652876281738281250e+02 1.450000000000000000e+02
1.669336891174316406e+02 8.647876739501953125e+02 1.450000000000000000e+02
1.674336814880371094e+02 8.644521331787109375e+02 1.450000000000000000e+02
1.679999923706054688e+02 8.640700531005859375e+02 1.450000000000000000e+02
1.674866294860839844e+02 8.644901275634765625e+02 1.456756687164306641e+02
1.672541427612304688e+02 8.643348693847656250e+02 1.440000057220458984e+02
1.668827629089355469e+02 8.639196777343750000e+02 1.430037784576416016e+02
1.680804061889648438e+02 8.638043975830078125e+02 1.439377975463867188e+02
1.684673500061035156e+02 8.634792327880859375e+02 1.435630035400390625e+02
1.678006935119628906e+02 8.636671447753906250e+02 1.432476425170898438e+02
1.685993576049804688e+02 8.635607910156250000e+02 1.442296695709228516e+02
1.686937713623046875e+02 8.636179351806640625e+02 1.450000000000000000e+02
1.691937828063964844e+02 8.632967376708984375e+02 1.450000000000000000e+02
1.671849250793457031e+02 8.633773040771484375e+02 1.425809764862060547e+02
1.660823631286621094e+02 8.639032745361328125e+02 1.427447032928466797e+02
1.665182685852050781e+02 8.635054779052734375e+02 1.424968433380126953e+02
1.665805816650390625e+02 8.645484161376953125e+02 1.434265708923339844e+02
1.664706039428710938e+02 8.635054779052734375e+02 1.424968433380126953e+02
1.669109535217285156e+02 8.630264282226562500e+02 1.424351787567138672e+02
1.679999923706054688e+02 8.627306365966796875e+02 1.423543453216552734e+02
1.664699363708496094e+02 8.630000305175781250e+02 1.424934482574462891e+02
1.670972061157226562e+02 8.620948791503906250e+02 1.424350357055664062e+02
1.674953460693359375e+02 8.614963531494140625e+02 1.424966144561767578e+02
1.664893150329589844e+02 8.624914550781250000e+02 1.424944114685058594e+02
1.668286895751953125e+02 8.618247985839843750e+02 1.428206539154052734e+02
1.670972061157226562e+02 8.613555908203125000e+02 1.430923938751220703e+02
1.661560821533203125e+02 8.621170043945312500e+02 1.430997753143310547e+02
1.664895057678222656e+02 8.614929199218750000e+02 1.434873199462890625e+02
1.658611488342285156e+02 8.617623138427734375e+02 1.440000057220458984e+02
1.653591728210449219e+02 8.624092864990234375e+02 1.433788967132568359e+02
1.659699440002441406e+02 8.630000305175781250e+02 1.426877212524414062e+02
1.650155067443847656e+02 8.629900360107421875e+02 1.431454467773437500e+02
1.642568588256835938e+02 8.633166503906250000e+02 1.433254528045654297e+02
1.646925163269042969e+02 8.626499938964843750e+02 1.437518119812011719e+02
1.650000000000000000e+02 8.640000152587890625e+02 1.427881145477294922e+02
1.650006103515625000e+02 8.650365447998046875e+02 1.431528472900390625e+02
1.639541053771972656e+02 8.639543914794921875e+02 1.431476593017578125e+02
1.635901832580566406e+02 8.635905456542968750e+02 1.435919380187988281e+02
1.639999961853027344e+02 8.650000000000000000e+02 1.430156707763671875e+02
1.632333564758300781e+02 8.642572784423828125e+02 1.433432197570800781e+02
1.629423713684082031e+02 8.639409637451171875e+02 1.439051055908203125e+02
1.629400062561035156e+02 8.649801635742187500e+02 1.432921791076660156e+02
1.625666809082031250e+02 8.646335601806640625e+02 1.435516071319580078e+02
1.629999923706054688e+02 8.657540893554687500e+02 1.433578205108642578e+02
1.623920631408691406e+02 8.653002929687500000e+02 1.434442710876464844e+02
1.623920631408691406e+02 8.656518554687500000e+02 1.434442710876464844e+02
1.619832229614257812e+02 8.649435424804687500e+02 1.439278030395507812e+02
1.612875747680664062e+02 8.652534484863281250e+02 1.443040084838867188e+02
1.622410583496093750e+02 8.642913055419921875e+02 1.442182731628417969e+02
1.620352363586425781e+02 8.659911346435546875e+02 1.437236118316650391e+02
1.615744018554687500e+02 8.645867919921875000e+02 1.446343231201171875e+02
1.610140800476074219e+02 8.649908447265625000e+02 1.449800872802734375e+02
1.619446372985839844e+02 8.641435241699218750e+02 1.449805927276611328e+02
1.614072418212890625e+02 8.644297027587890625e+02 1.453009891510009766e+02
1.620688056945800781e+02 8.637851715087890625e+02 1.459592723846435547e+02
1.626320457458496094e+02 8.636071777343750000e+02 1.450000000000000000e+02
1.631320571899414062e+02 8.632480621337890625e+02 1.450000000000000000e+02
1.625246620178222656e+02 8.635182952880859375e+02 1.455987834930419922e+02
1.629147911071777344e+02 8.631996154785156250e+02 1.459592723846435547e+02
1.624480247497558594e+02 8.634653472900390625e+02 1.462654495239257812e+02
1.629999923706054688e+02 8.630245971679687500e+02 1.469999980926513672e+02
1.637252044677734375e+02 8.626505279541015625e+02 1.460000038146972656e+02
1.638525581359863281e+02 8.627480316162109375e+02 1.450000000000000000e+02
1.636488533020019531e+02 8.625955200195312500e+02 1.469999980926513672e+02
1.642251968383789062e+02 8.623392486572265625e+02 1.460000038146972656e+02
1.643525505065917969e+02 8.624099731445312500e+02 1.450000000000000000e+02
1.641488456726074219e+02 8.623025512695312500e+02 1.469999980926513672e+02
1.650000000000000000e+02 8.618908691406250000e+02 1.460000038146972656e+02
1.650000000000000000e+02 8.620274353027343750e+02 1.450000000000000000e+02
1.650000000000000000e+02 8.618267059326171875e+02 1.469999980926513672e+02
1.655790901184082031e+02 8.615516662597656250e+02 1.460000038146972656e+02
1.656753158569335938e+02 8.616175079345703125e+02 1.450000000000000000e+02
1.655383491516113281e+02 8.615242004394531250e+02 1.469999980926513672e+02
1.660791015625000000e+02 8.612477111816406250e+02 1.460000038146972656e+02
1.661753082275390625e+02 8.613007354736328125e+02 1.450000000000000000e+02
1.660383415222167969e+02 8.612326812744140625e+02 1.469999980926513672e+02
1.668970108032226562e+02 8.607476806640625000e+02 1.460000038146972656e+02
1.669540977478027344e+02 8.608007049560546875e+02 1.450000000000000000e+02
1.669026756286621094e+02 8.607327270507812500e+02 1.469999980926513672e+02
1.673970031738281250e+02 8.604428863525390625e+02 1.460000038146972656e+02
1.674541091918945312e+02 8.604734039306640625e+02 1.450000000000000000e+02
1.674026679992675781e+02 8.604492187500000000e+02 1.469999980926513672e+02
1.679999923706054688e+02 8.601358795166015625e+02 1.460000038146972656e+02
1.679999923706054688e+02 8.601890563964843750e+02 1.450000000000000000e+02
1.679999923706054688e+02 8.601605987548828125e+02 1.469999980926513672e+02
1.688666152954101562e+02 8.596929931640625000e+02 1.460000038146972656e+02
1.688741683959960938e+02 8.597156524658203125e+02 1.450000000000000000e+02
1.690545845031738281e+02 8.596723937988281250e+02 1.470792293548583984e+02
1.693666076660156250e+02 8.594342803955078125e+02 1.460000038146972656e+02
1.693741798400878906e+02 8.594336700439453125e+02 1.450000000000000000e+02
1.694243240356445312e+02 8.594649505615234375e+02 1.467987060546875000e+02
1.700000000000000000e+02 8.591770935058593750e+02 1.460000038146972656e+02
1.700000000000000000e+02 8.591474914550781250e+02 1.450000000000000000e+02
1.710714149475097656e+02 8.587207031250000000e+02 1.459802150726318359e+02
1.714523506164550781e+02 8.584801483154296875e+02 1.456336879730224609e+02
1.709143066406250000e+02 8.587138366699218750e+02 1.450000000000000000e+02
1.709384346008300781e+02 8.587436676025390625e+02 1.440000057220458984e+02
1.714143180847167969e+02 8.584622955322265625e+02 1.450000000000000000e+02
1.714384269714355469e+02 8.584716033935546875e+02 1.440000057220458984e+02
1.719999885559082031e+02 8.582690429687500000e+02 1.450000000000000000e+02
1.719978713989257812e+02 8.583990478515625000e+02 1.459802150726318359e+02
1.729999923706054688e+02 8.579228210449218750e+02 1.450000000000000000e+02
1.719999885559082031e+02 8.582592773437500000e+02 1.440000057220458984e+02
1.720067977905273438e+02 8.583702087402343750e+02 1.430781364440917969e+02
1.729999923706054688e+02 8.578565979003906250e+02 1.440000057220458984e+02
1.729999923706054688e+02 8.579665374755859375e+02 1.430000019073486328e+02
1.736861038208007812e+02 8.575688934326171875e+02 1.440000057220458984e+02
1.737600517272949219e+02 8.576231384277343750e+02 1.430000019073486328e+02
1.739870643615722656e+02 8.576269531250000000e+02 1.450228023529052734e+02
1.741860961914062500e+02 8.574131774902343750e+02 1.440000057220458984e+02
1.742600440979003906e+02 8.574245452880859375e+02 1.430000019073486328e+02
1.750000000000000000e+02 8.572753906250000000e+02 1.440000057220458984e+02
1.743117713928222656e+02 8.574542236328125000e+02 1.447046661376953125e+02
1.750000000000000000e+02 8.574178314208984375e+02 1.447743034362792969e+02
1.756229019165039062e+02 8.574362182617187500e+02 1.446610832214355469e+02
1.757780075073242188e+02 8.573622894287109375e+02 1.440000057220458984e+02
1.758092117309570312e+02 8.573516082763671875e+02 1.430000019073486328e+02
1.750000000000000000e+02 8.572761535644531250e+02 1.430000019073486328e+02
1.756645202636718750e+02 8.574220275878906250e+02 1.423163414001464844e+02
1.750000000000000000e+02 8.574185180664062500e+02 1.422909641265869141e+02
1.744103622436523438e+02 8.574694061279296875e+02 1.424049377441406250e+02
1.739817047119140625e+02 8.580327606201171875e+02 1.419556427001953125e+02
1.729999923706054688e+02 8.582869720458984375e+02 1.421456432342529297e+02
1.742197036743164062e+02 8.584452056884765625e+02 1.414807510375976562e+02
1.742197036743164062e+02 8.585395812988281250e+02 1.414807510375976562e+02
1.745755195617675781e+02 8.584452056884765625e+02 1.414807510375976562e+02
1.723446846008300781e+02 8.584289550781250000e+02 1.423545169830322266e+02
1.720617675781250000e+02 8.590406036376953125e+02 1.419623756408691406e+02
1.709999847412109375e+02 8.592947387695312500e+02 1.422410964965820312e+02
1.724455261230468750e+02 8.594713592529296875e+02 1.414904499053955078e+02
1.716780090332031250e+02 8.586099243164062500e+02 1.427968883514404297e+02
1.710906982421875000e+02 8.588444519042968750e+02 1.430781364440917969e+02
1.714845085144042969e+02 8.584925079345703125e+02 1.434635543823242188e+02
1.701988601684570312e+02 8.593481445312500000e+02 1.430000019073486328e+02
1.704093551635742188e+02 8.594497680664062500e+02 1.424178886413574219e+02
1.696988677978515625e+02 8.596408843994140625e+02 1.430000019073486328e+02
1.699134635925292969e+02 8.592734527587890625e+02 1.439398097991943359e+02
1.694343948364257812e+02 8.594641876220703125e+02 1.442330265045166016e+02
1.695224571228027344e+02 8.595135498046875000e+02 1.435663604736328125e+02
1.690606307983398438e+02 8.597379302978515625e+02 1.439398097991943359e+02
1.689488601684570312e+02 8.601472473144531250e+02 1.429480361938476562e+02
1.679866027832031250e+02 8.603289794921875000e+02 1.440960025787353516e+02
1.674976730346679688e+02 8.604986572265625000e+02 1.444933414459228516e+02
1.683110237121582031e+02 8.603909301757812500e+02 1.432467365264892578e+02
1.676443481445312500e+02 8.606034851074218750e+02 1.438266754150390625e+02
1.679866027832031250e+02 8.608060455322265625e+02 1.429480361938476562e+02
1.670985984802246094e+02 8.608924102783203125e+02 1.440960025787353516e+02
1.663611412048339844e+02 8.614129638671875000e+02 1.440000057220458984e+02
1.685814476013183594e+02 8.605769348144531250e+02 1.425800609588623047e+02
1.679999923706054688e+02 8.613050079345703125e+02 1.423816871643066406e+02
1.692481040954589844e+02 8.603410339355468750e+02 1.423372364044189453e+02
1.700456047058105469e+02 8.600046539306640625e+02 1.421809196472167969e+02
1.724455261230468750e+02 8.595198822021484375e+02 1.414904499053955078e+02
1.726335906982421875e+02 8.594713592529296875e+02 1.414904499053955078e+02
1.679048156738281250e+02 8.602968597412109375e+02 1.480791854858398438e+02
1.675080299377441406e+02 8.605039978027343750e+02 1.484653091430664062e+02
1.681824111938476562e+02 8.603759765625000000e+02 1.490000057220458984e+02
1.674486732482910156e+02 8.604743957519531250e+02 1.477986431121826172e+02
1.670692062377929688e+02 8.606986236572265625e+02 1.480791854858398438e+02
1.669999885559082031e+02 8.608661651611328125e+02 1.490000057220458984e+02
1.660380363464355469e+02 8.612453460693359375e+02 1.480000019073486328e+02
1.655380439758300781e+02 8.615229797363281250e+02 1.480000019073486328e+02
1.661037445068359375e+02 8.612951660156250000e+02 1.490000057220458984e+02
1.656037330627441406e+02 8.615572357177734375e+02 1.490000057220458984e+02
1.662802886962890625e+02 8.613956451416015625e+02 1.500000000000000000e+02
1.657802963256835938e+02 8.616355895996093750e+02 1.500000000000000000e+02
1.664320564270019531e+02 8.614712524414062500e+02 1.505660533905029297e+02
1.669999885559082031e+02 8.611272430419921875e+02 1.500000000000000000e+02
1.669999885559082031e+02 8.613919830322265625e+02 1.506889629364013672e+02
1.680410957336425781e+02 8.607848358154296875e+02 1.499449539184570312e+02
1.684018516540527344e+02 8.604675292968750000e+02 1.495749187469482422e+02
1.676823997497558594e+02 8.605710601806640625e+02 1.490000057220458984e+02
1.679999923706054688e+02 8.612879943847656250e+02 1.507735157012939453e+02
1.689999961853027344e+02 8.608276367187500000e+02 1.501367282867431641e+02
1.689999961853027344e+02 8.604233551025390625e+02 1.496367263793945312e+02
1.689999961853027344e+02 8.613275909423828125e+02 1.506643772125244141e+02
1.699366569519042969e+02 8.610625457763671875e+02 1.500315856933593750e+02
1.695611000061035156e+02 8.614376068115234375e+02 1.505403900146484375e+02
1.700836944580078125e+02 8.619819641113281250e+02 1.499596691131591797e+02
1.705927276611328125e+02 8.610000610351562500e+02 1.495839405059814453e+02
1.695664596557617188e+02 8.620000457763671875e+02 1.505534172058105469e+02
1.669999885559082031e+02 8.617338562011718750e+02 1.511889648437500000e+02
1.660592269897460938e+02 8.618161773681640625e+02 1.509396266937255859e+02
1.669999885559082031e+02 8.622338867187500000e+02 1.517556285858154297e+02
1.659999847412109375e+02 8.623036193847656250e+02 1.517701148986816406e+02
1.652379226684570312e+02 8.624125671386718750e+02 1.516537094116210938e+02
1.649427413940429688e+02 8.622812652587890625e+02 1.510525608062744141e+02
1.643673896789550781e+02 8.624339294433593750e+02 1.507542705535888672e+02
1.650000000000000000e+02 8.620014953613281250e+02 1.500000000000000000e+02
1.645712471008300781e+02 8.625284576416015625e+02 1.514209365844726562e+02
1.640204429626464844e+02 8.626966094970703125e+02 1.510525608062744141e+02
1.629268074035644531e+02 8.632624053955078125e+02 1.510163211822509766e+02
1.637384414672851562e+02 8.626360321044921875e+02 1.500000000000000000e+02
1.639999961853027344e+02 8.630596923828125000e+02 1.519999980926513672e+02
1.632451629638671875e+02 8.633739471435546875e+02 1.519999980926513672e+02
1.627451515197753906e+02 8.636178588867187500e+02 1.519999980926513672e+02
1.634488487243652344e+02 8.634783172607421875e+02 1.525365161895751953e+02
1.625446891784667969e+02 8.635252380371093750e+02 1.513605308532714844e+02
1.619999885559082031e+02 8.639998626708984375e+02 1.519999980926513672e+02
1.620712089538574219e+02 8.637512207031250000e+02 1.510163211822509766e+02
1.620814704895019531e+02 8.643473052978515625e+02 1.529608631134033203e+02
1.612907218933105469e+02 8.643820190429687500e+02 1.519999980926513672e+02
1.611471176147460938e+02 8.642951202392578125e+02 1.510000038146972656e+02
1.614233970642089844e+02 8.644587707519531250e+02 1.526014423370361328e+02
1.607907104492187500e+02 8.646823120117187500e+02 1.519999980926513672e+02
1.606471061706542969e+02 8.645971679687500000e+02 1.510000038146972656e+02
1.599272251129150391e+02 8.652316284179687500e+02 1.519992637634277344e+02
1.610540390014648438e+02 8.648538208007812500e+02 1.529608631134033203e+02
1.602232742309570312e+02 8.653355407714843750e+02 1.530000019073486328e+02
1.600000000000000000e+02 8.650412750244140625e+02 1.510000038146972656e+02
1.594611454010009766e+02 8.654763793945312500e+02 1.516654396057128906e+02
1.595453739166259766e+02 8.655337524414062500e+02 1.523321056365966797e+02
1.590766906738281250e+02 8.657822418212890625e+02 1.519992637634277344e+02
1.589101219177246094e+02 8.657745361328125000e+02 1.510000038146972656e+02
1.590000057220458984e+02 8.660759735107421875e+02 1.530000019073486328e+02
1.582187080383300781e+02 8.663275146484375000e+02 1.519999980926513672e+02
1.581521701812744141e+02 8.662744903564453125e+02 1.510000038146972656e+02
1.577187061309814453e+02 8.666434478759765625e+02 1.519999980926513672e+02
1.583820056915283203e+02 8.664304351806640625e+02 1.530000019073486328e+02
1.578820037841796875e+02 8.667371368408203125e+02 1.530000019073486328e+02
1.584977626800537109e+02 8.664987945556640625e+02 1.535024452209472656e+02
1.569496154785156250e+02 8.672730255126953125e+02 1.529881668090820312e+02
1.565826892852783203e+02 8.675532531738281250e+02 1.533136177062988281e+02
1.572493553161621094e+02 8.673686981201171875e+02 1.537545299530029297e+02
1.569999980926513672e+02 8.670837402343750000e+02 1.519999980926513672e+02
1.564565372467041016e+02 8.674722290039062500e+02 1.526469516754150391e+02
1.564083480834960938e+02 8.674402618408203125e+02 1.519999980926513672e+02
1.563826751708984375e+02 8.674216461181640625e+02 1.510000038146972656e+02
1.559083461761474609e+02 8.678018188476562500e+02 1.519999980926513672e+02
1.552336502075195312e+02 8.683018493652343750e+02 1.519999980926513672e+02
1.558826828002929688e+02 8.677909088134765625e+02 1.510000038146972656e+02
1.559157848358154297e+02 8.678271484375000000e+02 1.500000000000000000e+02
1.552280616760253906e+02 8.682908630371093750e+02 1.510000038146972656e+02
1.552838802337646484e+02 8.683271026611328125e+02 1.500000000000000000e+02
1.547280597686767578e+02 8.687207031250000000e+02 1.510000038146972656e+02
1.547838783264160156e+02 8.687973022460937500e+02 1.500000000000000000e+02
1.547336578369140625e+02 8.687167358398437500e+02 1.519999980926513672e+02
1.542838191986083984e+02 8.692973327636718750e+02 1.500000000000000000e+02
1.549868869781494141e+02 8.689532470703125000e+02 1.489079380035400391e+02
1.552553176879882812e+02 8.691690826416015625e+02 1.482111930847167969e+02
1.545745658874511719e+02 8.700000000000000000e+02 1.486149406433105469e+02
1.555016899108886719e+02 8.685024261474609375e+02 1.485039043426513672e+02
1.553851127624511719e+02 8.684059906005859375e+02 1.491705703735351562e+02
1.544048881530761719e+02 8.694040679931640625e+02 1.493119812011718750e+02
1.542020797729492188e+02 8.700000000000000000e+02 1.491149425506591797e+02
1.541769218444824219e+02 8.710000610351562500e+02 1.492290401458740234e+02
1.536769199371337891e+02 8.710000610351562500e+02 1.495886230468750000e+02
1.543713378906250000e+02 8.715194702148437500e+02 1.494641113281250000e+02
1.549292373657226562e+02 8.710673522949218750e+02 1.489860248565673828e+02
1.551774406433105469e+02 8.706529235839843750e+02 1.483120918273925781e+02
1.546810436248779297e+02 8.715194702148437500e+02 1.494641113281250000e+02
1.553477096557617188e+02 8.714817810058593750e+02 1.495922279357910156e+02
1.560000038146972656e+02 8.710814666748046875e+02 1.490000057220458984e+02
1.560000038146972656e+02 8.706986999511718750e+02 1.481814765930175781e+02
1.559459495544433594e+02 8.713379669189453125e+02 1.499553394317626953e+02
1.569999980926513672e+02 8.707783508300781250e+02 1.490000057220458984e+02
1.569999980926513672e+02 8.705905151367187500e+02 1.482999324798583984e+02
1.569999980926513672e+02 8.709010314941406250e+02 1.500000000000000000e+02
1.575939559936523438e+02 8.705479431152343750e+02 1.490000057220458984e+02
1.575186443328857422e+02 8.705087280273437500e+02 1.484700393676757812e+02
1.576698780059814453e+02 8.705899047851562500e+02 1.500000000000000000e+02
1.580939579010009766e+02 8.702830505371093750e+02 1.490000057220458984e+02
1.579111862182617188e+02 8.701844024658203125e+02 1.480820178985595703e+02
1.581698799133300781e+02 8.703076171875000000e+02 1.500000000000000000e+02
1.590000057220458984e+02 8.697970581054687500e+02 1.490000057220458984e+02
1.590310478210449219e+02 8.696636962890625000e+02 1.480953407287597656e+02
1.590000057220458984e+02 8.698331451416015625e+02 1.500000000000000000e+02
1.595250225067138672e+02 8.695140838623046875e+02 1.490000057220458984e+02
1.595019245147705078e+02 8.695010375976562500e+02 1.484922409057617188e+02
1.595450878143310547e+02 8.695256042480468750e+02 1.500000000000000000e+02
1.593850803375244141e+02 8.694410705566406250e+02 1.478255748748779297e+02
1.587184143066406250e+02 8.695981597900390625e+02 1.472883319854736328e+02
1.590310478210449219e+02 8.692938232421875000e+02 1.469729995727539062e+02
1.580000019073486328e+02 8.697252655029296875e+02 1.471491622924804688e+02
1.580000019073486328e+02 8.692961883544921875e+02 1.466491603851318359e+02
1.569999980926513672e+02 8.698338317871093750e+02 1.471851253509521484e+02
1.570529079437255859e+02 8.689947509765625000e+02 1.467710018157958984e+02
1.569999980926513672e+02 8.703338623046875000e+02 1.477999305725097656e+02
1.562244701385498047e+02 8.697429656982421875e+02 1.473362827301025391e+02
1.562048530578613281e+02 8.690000152587890625e+02 1.472808361053466797e+02
1.559346771240234375e+02 8.700457763671875000e+02 1.476718902587890625e+02
1.556648921966552734e+02 8.689014434814453125e+02 1.479267120361328125e+02
1.550745677947998047e+02 8.700000000000000000e+02 1.481424617767333984e+02
1.561627674102783203e+02 8.681903076171875000e+02 1.480000019073486328e+02
1.563819980621337891e+02 8.683760833740234375e+02 1.473715019226074219e+02
1.559835433959960938e+02 8.679751586914062500e+02 1.489264392852783203e+02
1.566787242889404297e+02 8.676902770996093750e+02 1.480000019073486328e+02
1.570557403564453125e+02 8.680356597900390625e+02 1.469944763183593750e+02
1.565483379364013672e+02 8.675443267822265625e+02 1.486822986602783203e+02
1.571787261962890625e+02 8.672555541992187500e+02 1.480000019073486328e+02
1.573566246032714844e+02 8.673803710937500000e+02 1.472841167449951172e+02
1.569290065765380859e+02 8.672129058837890625e+02 1.490093803405761719e+02
1.577855300903320312e+02 8.667555999755859375e+02 1.480000019073486328e+02
1.579939460754394531e+02 8.669639587402343750e+02 1.469280719757080078e+02
1.576998805999755859e+02 8.666593170166015625e+02 1.490000057220458984e+02
1.582855319976806641e+02 8.663343048095703125e+02 1.480000019073486328e+02
1.583938312530517578e+02 8.664147186279296875e+02 1.472387027740478516e+02
1.581998825073242188e+02 8.662821960449218750e+02 1.490000057220458984e+02
1.589358043670654297e+02 8.658342742919921875e+02 1.480000019073486328e+02
1.590088462829589844e+02 8.659934997558593750e+02 1.469997310638427734e+02
1.594358062744140625e+02 8.654551696777343750e+02 1.480000019073486328e+02
1.588897037506103516e+02 8.657821655273437500e+02 1.490000057220458984e+02
1.593897056579589844e+02 8.654259490966796875e+02 1.490000057220458984e+02
1.588791179656982422e+02 8.657623291015625000e+02 1.500000000000000000e+02
1.593791103363037109e+02 8.654224395751953125e+02 1.500000000000000000e+02
1.581518650054931641e+02 8.662622833251953125e+02 1.500000000000000000e+02
1.576518630981445312e+02 8.666121673583984375e+02 1.500000000000000000e+02
1.569999980926513672e+02 8.670545196533203125e+02 1.500000000000000000e+02
1.576521682739257812e+02 8.666059875488281250e+02 1.510000038146972656e+02
1.569999980926513672e+02 8.670276641845703125e+02 1.510000038146972656e+02
1.564157772064208984e+02 8.674423980712890625e+02 1.500000000000000000e+02
1.564653873443603516e+02 8.674757385253906250e+02 1.493489646911621094e+02
1.594101238250732422e+02 8.654441833496093750e+02 1.510000038146972656e+02
1.600000000000000000e+02 8.649772644042968750e+02 1.500000000000000000e+02
1.605799484252929688e+02 8.645548248291015625e+02 1.500000000000000000e+02
1.600000000000000000e+02 8.649660491943359375e+02 1.490000057220458984e+02
1.600000000000000000e+02 8.650132751464843750e+02 1.480000019073486328e+02
1.605555725097656250e+02 8.645401000976562500e+02 1.490000057220458984e+02
1.610555648803710938e+02 8.642227935791015625e+02 1.490000057220458984e+02
1.605769157409667969e+02 8.645580291748046875e+02 1.480000019073486328e+02
1.610769271850585938e+02 8.642272186279296875e+02 1.480000019073486328e+02
1.606509971618652344e+02 8.646206665039062500e+02 1.469999980926513672e+02
1.611510086059570312e+02 8.642656707763671875e+02 1.469999980926513672e+02
1.607790756225585938e+02 8.647518920898437500e+02 1.460000038146972656e+02
1.599404716491699219e+02 8.651883697509765625e+02 1.470564556121826172e+02
1.602190399169921875e+02 8.652519226074218750e+02 1.460000038146972656e+02
1.594812583923339844e+02 8.654864501953125000e+02 1.474274253845214844e+02
1.595674610137939453e+02 8.655723571777343750e+02 1.467607593536376953e+02
1.597190475463867188e+02 8.657726287841796875e+02 1.460000038146972656e+02
1.601025581359863281e+02 8.661241149902343750e+02 1.450594520568847656e+02
1.592485237121582031e+02 8.662725830078125000e+02 1.460000038146972656e+02
1.594616031646728516e+02 8.664578247070312500e+02 1.454597187042236328e+02
1.588094234466552734e+02 8.669285583496093750e+02 1.459687232971191406e+02
1.593594551086425781e+02 8.670000457763671875e+02 1.454077720642089844e+02
1.585364341735839844e+02 8.665475463867187500e+02 1.465720367431640625e+02
1.590106010437011719e+02 8.679940032958984375e+02 1.457268047332763672e+02
1.582607364654541016e+02 8.672142028808593750e+02 1.462812042236328125e+02
1.579564380645751953e+02 8.680171966552734375e+02 1.462229633331298828e+02
1.574215126037597656e+02 8.683618927001953125e+02 1.464486217498779297e+02
1.575940608978271484e+02 8.676952362060546875e+02 1.466174507141113281e+02
1.580000019073486328e+02 8.687961578369140625e+02 1.463178062438964844e+02
1.574215126037597656e+02 8.686579132080078125e+02 1.464486217498779297e+02
1.590000057220458984e+02 8.687864685058593750e+02 1.461976146697998047e+02
1.600000000000000000e+02 8.686428833007812500e+02 1.462580299377441406e+02
1.593510055541992188e+02 8.676566314697265625e+02 1.454173088073730469e+02
1.600000000000000000e+02 8.677655792236328125e+02 1.452746868133544922e+02
1.600882911682128906e+02 8.669285583496093750e+02 1.448955821990966797e+02
1.604804992675781250e+02 8.665475463867187500e+02 1.444851112365722656e+02
1.609999847412109375e+02 8.672248840332031250e+02 1.446553230285644531e+02
1.609999847412109375e+02 8.667248535156250000e+02 1.443504428863525391e+02
1.619999885559082031e+02 8.673384094238281250e+02 1.448018550872802734e+02
1.619999885559082031e+02 8.668384552001953125e+02 1.441765117645263672e+02
1.629999923706054688e+02 8.667201232910156250e+02 1.441826725006103516e+02
1.629999923706054688e+02 8.662541198730468750e+02 1.436826705932617188e+02
1.637045478820800781e+02 8.665945434570312500e+02 1.443236923217773438e+02
1.609725379943847656e+02 8.660742187500000000e+02 1.442627620697021484e+02
1.606209182739257812e+02 8.657903289794921875e+02 1.446591758728027344e+02
1.604804992675781250e+02 8.664569854736328125e+02 1.444851112365722656e+02
1.603912734985351562e+02 8.653948974609375000e+02 1.453258419036865234e+02
1.612790679931640625e+02 8.643428039550781250e+02 1.460000038146972656e+02
1.618912124633789062e+02 8.637656402587890625e+02 1.469999980926513672e+02
1.618448066711425781e+02 8.637271881103515625e+02 1.480000019073486328e+02
1.623912048339843750e+02 8.634291076660156250e+02 1.469999980926513672e+02
1.623447990417480469e+02 8.634014892578125000e+02 1.480000019073486328e+02
1.623469161987304688e+02 8.634049224853515625e+02 1.490000057220458984e+02
1.629999923706054688e+02 8.629740142822265625e+02 1.480000019073486328e+02
1.629999923706054688e+02 8.629898834228515625e+02 1.490000057220458984e+02
1.636170196533203125e+02 8.625725555419921875e+02 1.480000019073486328e+02
1.636422920227050781e+02 8.625850677490234375e+02 1.490000057220458984e+02
1.641170310974121094e+02 8.622914886474609375e+02 1.480000019073486328e+02
1.641422843933105469e+02 8.623104858398437500e+02 1.490000057220458984e+02
1.650000000000000000e+02 8.618143463134765625e+02 1.480000019073486328e+02
1.650000000000000000e+02 8.618677520751953125e+02 1.490000057220458984e+02
1.642384338378906250e+02 8.623659515380859375e+02 1.500000000000000000e+02
1.629999923706054688e+02 8.630731201171875000e+02 1.500000000000000000e+02
1.623963356018066406e+02 8.634371185302734375e+02 1.500000000000000000e+02
1.618963432312011719e+02 8.637478637695312500e+02 1.500000000000000000e+02
1.624520301818847656e+02 8.634716033935546875e+02 1.506938648223876953e+02
1.618469238281250000e+02 8.637228393554687500e+02 1.490000057220458984e+02
1.610799407958984375e+02 8.642478942871093750e+02 1.500000000000000000e+02
1.569999980926513672e+02 8.709078216552734375e+02 1.510000038146972656e+02
1.561160469055175781e+02 8.713233947753906250e+02 1.510000038146972656e+02
1.556160449981689453e+02 8.715506744384765625e+02 1.510000038146972656e+02
1.555765819549560547e+02 8.715322113037109375e+02 1.502588939666748047e+02
1.555769634246826172e+02 8.715351867675781250e+02 1.519999980926513672e+02
1.550000000000000000e+02 8.717497253417968750e+02 1.510000038146972656e+02
1.550086307525634766e+02 8.716007232666015625e+02 1.499553394317626953e+02
1.540228080749511719e+02 8.716882324218750000e+02 1.499424076080322266e+02
1.553144550323486328e+02 8.683658599853515625e+02 1.530000019073486328e+02
1.650155067443847656e+02 8.622913360595703125e+02 1.440510845184326172e+02
1.644514274597167969e+02 8.624691772460937500e+02 1.444184780120849609e+02
1.640208053588867188e+02 8.630107879638671875e+02 1.440052032470703125e+02
1.633180809020996094e+02 8.633715057373046875e+02 1.442586040496826172e+02
1.639999961853027344e+02 8.657063293457031250e+02 1.433251953125000000e+02
1.543449974060058594e+02 8.713972473144531250e+02 1.543940162658691406e+02
1.616364097595214844e+02 8.675824737548828125e+02 1.536111640930175781e+02
1.710603523254394531e+02 8.621883392333984375e+02 1.469999980926513672e+02
1.717880630493164062e+02 8.616883087158203125e+02 1.469999980926513672e+02
1.718068695068359375e+02 8.616858673095703125e+02 1.460000038146972656e+02
1.722880554199218750e+02 8.612930297851562500e+02 1.469999980926513672e+02
1.723068618774414062e+02 8.613438415527343750e+02 1.460000038146972656e+02
1.730138206481933594e+02 8.607454681396484375e+02 1.469384670257568359e+02
1.733563804626464844e+02 8.602208709716796875e+02 1.472307872772216797e+02
1.729999923706054688e+02 8.608892822265625000e+02 1.460000038146972656e+02
1.726897239685058594e+02 8.606589508056640625e+02 1.477039432525634766e+02
1.735280990600585938e+02 8.605184936523437500e+02 1.465641117095947266e+02
1.738615989685058594e+02 8.598628997802734375e+02 1.468684387207031250e+02
1.735764503479003906e+02 8.605455017089843750e+02 1.460000038146972656e+02
1.735876655578613281e+02 8.605487823486328125e+02 1.450000000000000000e+02
1.740764617919921875e+02 8.600906372070312500e+02 1.460000038146972656e+02
1.740876579284667969e+02 8.601821899414062500e+02 1.450000000000000000e+02
1.747874259948730469e+02 8.596821594238281250e+02 1.450000000000000000e+02
1.739258193969726562e+02 8.602183532714843750e+02 1.439826488494873047e+02
1.734599113464355469e+02 8.604722595214843750e+02 1.436377429962158203e+02
1.735430335998535156e+02 8.605229187011718750e+02 1.443044090270996094e+02
1.748071670532226562e+02 8.596687316894531250e+02 1.440000057220458984e+02
1.730759429931640625e+02 8.607179260253906250e+02 1.439826488494873047e+02
1.729999923706054688e+02 8.608642578125000000e+02 1.450000000000000000e+02
1.721465873718261719e+02 8.612551879882812500e+02 1.440000057220458984e+02
1.722494125366210938e+02 8.613154602050781250e+02 1.450000000000000000e+02
1.735284423828125000e+02 8.595541381835937500e+02 1.475218772888183594e+02
1.745050811767578125e+02 8.595049285888671875e+02 1.465060997009277344e+02
1.730138206481933594e+02 8.599324798583984375e+02 1.477341175079345703e+02
1.735284423828125000e+02 8.594519042968750000e+02 1.475218772888183594e+02
1.715575027465820312e+02 8.615328979492187500e+02 1.433792018890380859e+02
1.536783313751220703e+02 8.715764617919921875e+02 1.545621776580810547e+02
